6770.76 -5443.44 -89.5138
Global Path Load
waypoint class initialized
6770.76 -5443.44
6770.76 -5443.44
6770.76 -5443.44
6770.76 -5443.44
6770.76 -5443.44
6770.76 -5443.44
6770.76 -5443.44
6770.76 -5443.44
6770.76 -5443.44
6770.76 -5443.44
6770.76 -5443.44
6770.76 -5443.44
6770.76 -5443.44
6770.76 -5443.44
6770.76 -5443.44
6770.76 -5443.44
6770.76 -5443.44
6770.76 -5443.44
6770.79 -5439.44
6770.79 -5439.44
6770.79 -5439.44
6770.79 -5439.44
6770.79 -5439.44
6770.79 -5439.44
6770.79 -5439.44
6770.79 -5439.44
6770.79 -5439.44
6770.82 -5435.44
6770.82 -5435.44
6770.82 -5435.44
6770.82 -5435.44
6770.82 -5435.44
6770.82 -5435.44
6770.82 -5435.44
6770.82 -5435.44
6770.82 -5435.44
6770.82 -5435.44
6770.82 -5435.44
6770.82 -5435.44
6770.82 -5435.44
6770.82 -5435.44
6770.87 -5430.44
6770.87 -5430.44
6770.87 -5430.44
6770.87 -5430.44
6770.87 -5430.44
6770.87 -5430.44
6770.87 -5430.44
6770.87 -5430.44
6770.87 -5430.44
6770.87 -5430.44
6770.87 -5430.44
6770.87 -5430.44
6770.87 -5430.44
6770.87 -5430.44
6770.9 -5426.44
6770.9 -5426.44
6770.9 -5426.44
6770.9 -5426.44
6770.9 -5426.44
6770.9 -5426.44
6770.9 -5426.44
6770.9 -5426.44
6770.9 -5426.44
6770.93 -5422.44
6770.93 -5422.44
6770.93 -5422.44
6770.93 -5422.44
6770.93 -5422.44
6770.93 -5422.44
6770.93 -5422.44
6770.93 -5422.44
6770.98 -5417.44
6770.98 -5417.44
6770.98 -5417.44
6770.98 -5417.44
6770.98 -5417.44
6770.98 -5417.44
6770.98 -5417.44
6770.98 -5417.44
6770.98 -5417.44
6770.98 -5417.44
6771.01 -5413.44
6771.01 -5413.44
6771.01 -5413.44
6771.01 -5413.44
6771.01 -5413.44
6771.01 -5413.44
6771.01 -5413.44
6771.01 -5413.44
6771.04 -5409.44
6771.04 -5409.44
6771.04 -5409.44
6771.04 -5409.44
6771.04 -5409.44
6771.04 -5409.44
6771.04 -5409.44
6771.04 -5409.44
6771.09 -5404.44
6771.09 -5404.44
6771.09 -5404.44
6771.09 -5404.44
6771.09 -5404.44
6771.09 -5404.44
6771.09 -5404.44
6771.09 -5404.44
6771.09 -5404.44
6771.12 -5400.44
6771.12 -5400.44
6771.12 -5400.44
6771.12 -5400.44
6771.12 -5400.44
6771.12 -5400.44
6771.12 -5400.44
6771.12 -5400.44
6771.15 -5396.44
6771.15 -5396.44
6771.15 -5396.44
6771.15 -5396.44
6771.15 -5396.44
6771.15 -5396.44
6771.15 -5396.44
6771.19 -5392.44
6771.19 -5392.44
6771.19 -5392.44
6771.19 -5392.44
6771.19 -5392.44
6771.19 -5392.44
6771.19 -5392.44
6771.19 -5392.44
6771.19 -5392.44
6771.22 -5388.44
6771.22 -5388.44
6771.22 -5388.44
6771.22 -5388.44
6771.22 -5388.44
6771.22 -5388.44
6771.22 -5388.44
6771.22 -5388.44
6771.26 -5384.44
6771.26 -5384.44
6771.26 -5384.44
6771.26 -5384.44
6771.26 -5384.44
6771.26 -5384.44
6771.26 -5384.44
6771.29 -5380.44
6771.29 -5380.44
6771.29 -5380.44
6771.29 -5380.44
6771.29 -5380.44
6771.29 -5380.44
6771.29 -5380.44
6771.29 -5380.44
6771.33 -5375.44
6771.33 -5375.44
6771.33 -5375.44
6771.33 -5375.44
6771.33 -5375.44
6771.33 -5375.44
6771.33 -5375.44
6771.33 -5375.44
6771.33 -5375.44
6771.33 -5375.44
6771.37 -5371.44
6771.37 -5371.44
6771.37 -5371.44
6771.37 -5371.44
6771.37 -5371.44
6771.37 -5371.44
6771.37 -5371.44
6771.37 -5371.44
6771.4 -5367.44
6771.4 -5367.44
6771.4 -5367.44
6771.4 -5367.44
6771.4 -5367.44
6771.4 -5367.44
6771.4 -5367.44
6771.4 -5367.44
6771.44 -5362.44
6771.44 -5362.44
6771.44 -5362.44
6771.44 -5362.44
6771.44 -5362.44
6771.44 -5362.44
6771.44 -5362.44
6771.44 -5362.44
6771.44 -5362.44
6771.44 -5362.44
6771.48 -5358.44
6771.48 -5358.44
6771.48 -5358.44
6771.48 -5358.44
6771.48 -5358.44
6771.48 -5358.44
6771.48 -5358.44
6771.51 -5354.44
6771.51 -5354.44
6771.51 -5354.44
6771.51 -5354.44
6771.51 -5354.44
6771.51 -5354.44
6771.51 -5354.44
6771.51 -5354.44
6771.55 -5349.44
6771.55 -5349.44
6771.55 -5349.44
6771.55 -5349.44
6771.55 -5349.44
6771.55 -5349.44
6771.55 -5349.44
6771.55 -5349.44
6771.55 -5349.44
6771.55 -5349.44
6771.55 -5349.44
6771.59 -5345.44
6771.59 -5345.44
6771.59 -5345.44
6771.59 -5345.44
6771.59 -5345.44
6771.59 -5345.44
6771.62 -5341.44
6771.62 -5341.44
6771.62 -5341.44
6771.62 -5341.44
6771.62 -5341.44
6771.62 -5341.44
6771.62 -5341.44
6771.62 -5341.44
6771.62 -5341.44
6771.66 -5336.44
6771.66 -5336.44
6771.66 -5336.44
6771.66 -5336.44
6771.66 -5336.44
6771.66 -5336.44
6771.66 -5336.44
6771.66 -5336.44
6771.7 -5332.44
6771.7 -5332.44
6771.7 -5332.44
6771.7 -5332.44
6771.7 -5332.44
6771.7 -5332.44
6771.7 -5332.44
6771.7 -5332.44
6771.7 -5332.44
6771.7 -5332.44
6771.73 -5328.44
6771.73 -5328.44
6771.73 -5328.44
6771.73 -5328.44
6771.73 -5328.44
6771.73 -5328.44
6771.77 -5323.44
6771.77 -5323.44
6771.77 -5323.44
6771.77 -5323.44
6771.77 -5323.44
6771.77 -5323.44
6771.77 -5323.44
6771.77 -5323.44
6771.77 -5323.44
6771.77 -5323.44
6771.81 -5319.44
6771.81 -5319.44
6771.81 -5319.44
6771.81 -5319.44
6771.81 -5319.44
6771.81 -5319.44
6771.81 -5319.44
6771.81 -5319.44
6771.81 -5319.44
6771.84 -5315.44
6771.84 -5315.44
6771.84 -5315.44
6771.84 -5315.44
6771.84 -5315.44
6771.84 -5315.44
6771.84 -5315.44
6771.84 -5315.44
6771.88 -5311.44
6771.88 -5311.44
6771.88 -5311.44
6771.88 -5311.44
6771.88 -5311.44
6771.88 -5311.44
6771.88 -5311.44
6771.91 -5307.44
6771.91 -5307.44
6771.91 -5307.44
6771.91 -5307.44
6771.91 -5307.44
6771.91 -5307.44
6771.91 -5307.44
6771.91 -5307.44
6771.94 -5303.44
6771.94 -5303.44
6771.94 -5303.44
6771.94 -5303.44
6771.94 -5303.44
6771.94 -5303.44
6771.94 -5303.44
6771.94 -5303.44
6771.94 -5303.44
6771.98 -5299.44
6771.98 -5299.44
6771.98 -5299.44
6771.98 -5299.44
6771.98 -5299.44
6771.98 -5299.44
6771.98 -5299.44
6772.02 -5294.44
6772.02 -5294.44
6772.02 -5294.44
6772.02 -5294.44
6772.02 -5294.44
6772.02 -5294.44
6772.02 -5294.44
6772.02 -5294.44
6772.02 -5294.44
6772.02 -5294.44
6772.02 -5294.44
6772.05 -5290.44
6772.05 -5290.44
6772.05 -5290.44
6772.05 -5290.44
6772.05 -5290.44
6772.05 -5290.44
6772.09 -5286.44
6772.09 -5286.44
6772.09 -5286.44
6772.09 -5286.44
6772.09 -5286.44
6772.09 -5286.44
6772.09 -5286.44
6772.13 -5281.44
6772.13 -5281.44
6772.13 -5281.44
6772.13 -5281.44
6772.13 -5281.44
6772.13 -5281.44
6772.13 -5281.44
6772.13 -5281.44
6772.13 -5281.44
6772.13 -5281.44
6772.13 -5281.44
6772.16 -5277.44
6772.16 -5277.44
6772.16 -5277.44
6772.16 -5277.44
6772.16 -5277.44
6772.16 -5277.44
6772.16 -5277.44
6772.16 -5277.44
6772.2 -5273.44
6772.2 -5273.44
6772.2 -5273.44
6772.2 -5273.44
6772.2 -5273.44
6772.2 -5273.44
6772.2 -5273.44
