waypoint class initialized
6770.76 5443.44
6770.76 5443.44
6770.76 5443.44
6770.76 5443.44
6770.76 5443.44
6770.76 5443.44
6770.76 5443.44
6770.76 5443.44
6770.76 5443.44
6770.76 5443.44
6770.76 5443.44
6770.76 5443.44
6770.76 5443.44
6770.76 5443.44
6770.76 5443.44
6770.76 5443.44
6770.76 5443.44
6770.76 5443.44
6770.76 5442.35
6770.76 5442.29
6770.75 5442.23
6770.75 5442.2
6770.75 5442.2
6770.77 5442.15
6770.79 5441.98
6770.79 5441.91
6770.79 5441.91
6770.79 5441.77
6770.79 5441.77
6770.8 5441.57
6770.8 5441.57
6770.8 5441.53
6770.8 5441.45
6770.8 5441.36
6770.8 5441.28
6770.8 5441.1
6770.8 5441.1
6770.8 5441.01
6770.8 5440.36
6770.8 5440.3
6770.8 5440.3
6770.8 5440.2
6770.8 5440.17
6770.8 5440.1
6770.8 5440
6770.79 5439.44
6770.79 5439.44
6770.79 5439.44
6770.79 5439.44
6770.79 5439.44
6770.79 5439.44
6770.79 5439.44
6770.79 5439.44
6770.79 5438.24
6770.77 5438.14
6770.77 5438.14
6770.76 5437.98
6770.76 5437.98
6770.77 5437.76
6770.78 5437.65
6770.78 5437.54
6770.78 5437.43
6770.78 5437.43
6770.78 5437.32
6770.78 5437.1
6770.8 5436.43
6770.8 5436.4
6770.8 5436.28
6770.8 5436.24
6770.81 5436.13
6770.81 5436.13
6770.81 5436.01
6770.82 5435.44
6770.82 5435.44
6770.82 5435.44
6770.82 5435.44
6770.82 5435.44
6770.82 5435.44
6770.82 5435.44
6770.82 5435.44
6770.83 5434.66
6770.84 5434.46
6770.84 5434.46
6770.83 5434.32
6770.76 5434.07
6770.76 5434.07
6770.75 5433.33
6770.79 5433.17
6770.79 5433.17
6770.79 5433.17
6770.82 5433
6770.82 5432.95
6770.82 5432.67
6770.82 5432.67
6770.82 5432.56
6770.82 5432.39
6770.82 5432.33
6770.83 5432.1
6770.83 5432.1
6770.83 5431.99
6770.84 5431.32
6770.84 5431.32
6770.84 5431.17
6770.85 5431.09
6770.85 5431.09
6770.89 5430.99
6770.87 5430.44
6770.87 5430.44
6770.87 5430.44
6770.87 5430.44
6770.87 5430.44
6770.87 5430.44
6770.87 5430.44
6770.87 5429.27
6770.88 5429.22
6770.91 5429.12
6770.91 5429.12
6771.01 5428.93
6771.01 5428.93
6771.03 5428.83
6771.03 5428.61
6771.02 5428.5
6771.02 5428.5
6771.02 5428.39
6771.02 5428.34
6771.01 5428.06
6771.01 5427.95
6771.01 5427.95
6770.97 5427.37
6770.95 5427.22
6770.94 5427.15
6770.94 5427.15
6770.95 5427
6770.95 5427
6770.9 5426.44
6770.9 5426.44
6770.9 5426.44
6770.9 5426.44
6770.9 5426.44
6770.9 5426.44
6770.9 5425.38
6770.9 5425.21
6770.9 5425.21
6770.91 5425.16
6770.91 5424.87
6770.91 5424.82
6770.91 5424.7
6770.91 5424.7
6770.91 5424.59
6770.91 5424.42
6770.91 5424.24
6770.92 5424.13
6770.92 5424.01
6770.92 5424.01
6770.92 5423.41
6770.92 5423.25
6770.92 5423.21
6770.92 5423.21
6770.93 5423.02
6770.93 5422.94
6770.93 5422.44
6770.93 5422.44
6770.93 5422.44
6770.93 5422.44
6770.93 5422.44
6770.93 5422.44
6770.94 5421.71
6770.94 5421.5
6770.93 5421.43
6770.91 5421.3
6770.91 5421.3
6770.88 5421.03
6770.9 5420.4
6770.9 5420.4
6770.95 5420.11
6770.95 5420.11
6770.96 5420.06
6770.98 5419.83
6770.98 5419.83
6770.98 5419.65
6770.98 5419.59
6770.97 5419.48
6770.98 5419.24
6770.98 5419.12
6770.98 5419.12
6770.98 5418.95
6770.98 5418.36
6770.98 5418.21
6770.98 5418.21
6770.98 5418.09
6770.98 5418.09
6770.98 5417.44
6770.98 5417.44
6770.98 5417.44
6770.98 5417.44
6770.98 5417.44
6770.98 5417.44
6770.98 5417.44
6770.98 5417.44
6770.98 5416.35
6771.02 5416.13
6771.02 5416.13
6771.07 5415.91
6771.07 5415.91
6771.06 5415.62
6771.06 5415.57
6771.06 5415.39
6771.06 5415.39
6771.06 5415.22
6771.06 5415.16
6771.06 5415.16
6771.04 5414.39
6771.04 5414.31
6771.04 5414.24
6771.04 5414.24
6771.02 5414.12
6771.02 5414.12
6771.01 5413.44
6771.01 5413.44
6771.01 5413.44
6771.01 5413.44
6771.01 5413.44
6771.01 5413.44
6771.01 5413.44
6771.02 5412.28
6771.02 5412.23
6771.02 5412.23
6771.01 5412.05
6770.99 5411.94
6770.95 5411.77
6770.94 5411.66
6770.94 5411.66
6770.95 5411.54
6770.97 5411.31
6770.97 5411.31
6770.97 5411.14
6770.97 5411.08
6770.97 5410.96
6771 5410.3
6771.01 5410.22
6771.01 5410.22
6771.02 5410.15
6771.06 5410
6771.04 5409.44
6771.04 5409.44
6771.04 5409.44
6771.04 5409.44
6771.04 5409.44
6771.04 5409.44
6771.04 5409.44
6771.05 5408.73
6771.05 5408.73
6771.07 5408.46
6771.07 5408.46
6771.04 5408.2
6771.03 5408.07
6771.05 5407.43
6771.05 5407.43
6771.09 5407.21
6771.1 5407.1
6771.1 5407.1
6771.11 5406.87
6771.11 5406.87
6771.11 5406.64
6771.11 5406.53
6771.11 5406.53
6771.11 5406.3
6771.11 5406.3
6771.11 5406.06
6771.11 5405.95
6771.11 5405.95
6771.1 5405.29
6771.1 5405.29
6771.1 5405.13
6771.1 5405.01
6771.1 5405.01
6771.09 5404.44
6771.09 5404.44
6771.09 5404.44
6771.09 5404.44
6771.09 5404.44
6771.09 5404.44
6771.1 5403.35
6771.1 5403.29
6771.08 5403.17
6771.05 5403.06
6771.01 5402.95
6771.01 5402.95
6770.99 5402.72
6770.99 5402.72
6771 5402.55
6771.01 5402.38
6771.02 5402.26
6771.02 5402.26
6771.02 5402.2
6771.02 5402.09
6771.06 5401.42
6771.06 5401.34
6771.08 5401.19
6771.1 5401.12
6771.12 5401.04
6771.13 5400.96
6771.12 5400.44
6771.12 5400.44
6771.12 5400.44
6771.12 5400.44
6771.12 5400.44
6771.12 5400.44
6771.12 5400.44
6771.14 5399.3
6771.12 5399.19
6771.1 5399.08
6771.06 5398.97
6771.03 5398.81
6771.03 5398.81
6771.05 5398.64
6771.05 5398.64
6771.07 5398.41
6771.07 5398.3
6771.07 5398.18
6771.07 5398.07
6771.07 5398.07
6771.1 5397.37
6771.1 5397.37
6771.11 5397.21
6771.12 5397.14
6771.12 5397.14
6771.13 5396.98
6771.15 5396.44
6771.15 5396.44
6771.15 5396.44
6771.15 5396.44
6771.15 5396.44
6771.15 5396.44
6771.15 5396.44
6771.17 5395.25
6771.18 5395.19
6771.18 5395.19
6771.21 5395.08
6771.21 5394.79
6771.21 5394.79
6771.21 5394.61
6771.21 5394.61
6771.21 5394.44
6771.21 5394.26
6771.21 5394.26
6771.21 5394.02
6771.2 5393.42
6771.2 5393.34
6771.2 5393.34
6771.2 5393.26
6771.19 5393.18
6771.2 5392.98
6771.2 5392.98
6771.19 5392.44
6771.19 5392.44
6771.19 5392.44
6771.19 5392.44
6771.19 5392.44
6771.19 5392.44
6771.2 5391.35
6771.2 5391.23
6771.2 5391.23
6771.18 5391.11
6771.16 5390.88
6771.16 5390.76
6771.17 5390.64
6771.18 5390.52
6771.18 5390.52
6771.18 5390.28
6771.18 5390.28
6771.19 5390.16
6771.19 5390.04
6771.2 5389.39
6771.2 5389.35
6771.2 5389.27
6771.21 5389.23
6771.21 5389.11
6771.2 5389.03
6771.22 5388.44
6771.22 5388.44
6771.22 5388.44
6771.22 5388.44
6771.22 5388.44
6771.22 5388.44
6771.23 5387.36
6771.23 5387.36
6771.24 5387.24
6771.29 5387.01
6771.29 5387.01
6771.3 5386.9
6771.3 5386.78
6771.3 5386.66
6771.29 5386.55
6771.29 5386.43
6771.29 5386.13
6771.29 5386.07
6771.29 5386.01
6771.28 5385.37
6771.28 5385.37
6771.28 5385.29
6771.28 5385.21
6771.27 5385.13
6771.27 5385.05
6771.26 5384.44
6771.26 5384.44
6771.26 5384.44
6771.26 5384.44
6771.26 5384.44
6771.26 5384.44
6771.26 5384.44
6771.27 5383.27
6771.28 5383.15
6771.28 5383.15
6771.31 5383.04
6771.31 5382.8
6771.3 5382.69
6771.3 5382.69
6771.29 5382.4
6771.29 5382.4
6771.29 5382.34
6771.3 5382.22
6771.3 5382.1
6771.29 5381.39
6771.29 5381.31
6771.29 5381.23
6771.29 5381.23
6771.28 5381.07
6771.28 5381.07
6771.28 5380.99
6771.29 5380.44
6771.29 5380.44
6771.29 5380.44
6771.29 5380.44
6771.29 5380.44
6771.29 5380.44
6771.29 5380.44
6771.3 5379.5
6771.3 5379.5
6771.39 5379.34
6771.46 5379.24
6771.46 5379.24
6771.52 5379.13
6771.52 5378.38
6771.52 5378.38
6771.45 5378.13
6771.43 5378.09
6771.43 5378.09
6771.39 5377.88
6771.39 5377.72
6771.39 5377.72
6771.4 5377.66
6771.41 5377.44
6771.41 5377.44
6771.4 5377.33
6771.4 5377.22
6771.39 5377.06
6771.39 5377
6771.37 5376.41
6771.37 5376.33
6771.37 5376.22
6771.36 5376.1
6771.36 5376.1
6771.35 5375.95
6771.35 5375.95
6771.33 5375.44
6771.33 5375.44
6771.33 5375.44
6771.33 5375.44
6771.33 5375.44
6771.33 5374.4
6771.33 5374.4
6771.33 5374.29
6771.36 5374.07
6771.4 5373.96
6771.42 5373.85
6771.42 5373.85
6771.41 5373.63
6771.41 5373.51
6771.41 5373.4
6771.41 5373.29
6771.41 5373.29
6771.41 5373.17
6771.41 5372.94
6771.39 5372.36
6771.39 5372.36
6771.38 5372.21
6771.38 5372.21
6771.37 5372.13
6771.37 5372.06
6771.37 5371.44
6771.37 5371.44
6771.37 5371.44
6771.37 5371.44
6771.37 5371.44
6771.37 5371.44
6771.37 5371.44
6771.37 5370.44
6771.37 5370.32
6771.37 5370.2
6771.35 5370.09
6771.31 5369.92
6771.3 5369.87
6771.31 5369.7
6771.32 5369.64
6771.33 5369.41
6771.33 5369.41
6771.34 5369.18
6771.34 5369.06
6771.34 5369.06
6771.34 5368.94
6771.37 5368.29
6771.37 5368.29
6771.38 5368.13
6771.37 5368.05
6771.37 5368.05
6771.36 5367.94
6771.4 5367.44
6771.4 5367.44
6771.4 5367.44
6771.4 5367.44
6771.4 5367.44
6771.4 5366.75
6771.41 5366.69
6771.41 5366.69
6771.45 5366.42
6771.45 5366.42
6771.47 5366.29
6771.46 5366.03
6771.43 5365.41
6771.42 5365.29
6771.42 5365.29
6771.44 5365.13
6771.44 5365.13
6771.49 5364.86
6771.49 5364.69
6771.49 5364.69
6771.49 5364.52
6771.49 5364.52
6771.48 5364.41
6771.48 5364.18
6771.48 5364.18
6771.48 5363.96
6771.48 5363.96
6771.47 5363.37
6771.47 5363.3
6771.46 5363.22
6771.45 5363.11
6771.45 5363.03
6771.45 5362.99
6771.44 5362.44
6771.44 5362.44
6771.44 5362.44
6771.44 5362.44
6771.44 5362.44
6771.44 5362.44
6771.44 5361.35
6771.46 5361.18
6771.5 5361.07
6771.52 5361.02
6771.56 5360.92
6771.56 5360.92
6771.57 5360.75
6771.57 5360.58
6771.57 5360.58
6771.57 5360.47
6771.56 5360.36
6771.56 5360.24
6771.56 5360.13
6771.53 5359.37
6771.52 5359.34
6771.51 5359.22
6771.51 5359.22
6771.51 5359.18
6771.5 5358.99
6771.48 5358.44
6771.48 5358.44
6771.48 5358.44
6771.48 5358.44
6771.48 5358.44
6771.48 5358.44
6771.48 5358.44
6771.48 5358.44
6771.48 5358.44
6771.44 5357.1
6771.44 5357.1
6771.38 5356.94
6771.36 5356.83
6771.37 5356.71
6771.37 5356.6
6771.37 5356.6
6771.38 5356.48
6771.39 5356.25
6771.39 5356.25
6771.4 5356.19
6771.4 5356.02
6771.44 5355.41
6771.44 5355.34
6771.46 5355.18
6771.46 5355.18
6771.51 5355.04
6771.51 5355.04
6771.51 5354.44
6771.51 5354.44
6771.51 5354.44
6771.51 5354.44
6771.51 5354.44
6771.51 5354.44
6771.51 5354.44
6771.51 5353.62
6771.53 5353.56
6771.57 5353.44
6771.64 5353.26
6771.66 5353.2
6771.66 5353.2
6771.67 5353.07
6771.62 5352.34
6771.62 5352.34
6771.62 5352.06
6771.63 5352.01
6771.63 5352.01
6771.67 5351.8
6771.67 5351.69
6771.67 5351.69
6771.67 5351.52
6771.66 5351.35
6771.65 5351.24
6771.65 5351.13
6771.65 5351.13
6771.62 5350.41
6771.61 5350.34
6771.61 5350.34
6771.61 5350.26
6771.6 5350.11
6771.6 5350.07
6771.6 5350.07
6771.59 5349.96
6771.55 5349.44
6771.55 5349.44
6771.55 5349.44
6771.55 5349.44
6771.55 5349.44
6771.55 5349.44
6771.52 5348.42
6771.53 5348.25
6771.54 5348.2
6771.62 5348.01
6771.62 5348.01
6771.69 5347.8
6771.69 5347.8
6771.68 5347.59
6771.67 5347.48
6771.67 5347.48
6771.67 5347.37
6771.67 5347.15
6771.67 5347.04
6771.64 5346.43
6771.64 5346.43
6771.63 5346.36
6771.63 5346.28
6771.62 5346.13
6771.62 5346.05
6771.62 5346.05
6771.62 5346.01
6771.59 5345.44
6771.59 5345.44
6771.59 5345.44
6771.59 5345.44
6771.59 5345.44
6771.59 5345.44
6771.58 5344.27
6771.59 5344.22
6771.61 5344.11
6771.65 5344.01
6771.65 5344.01
6771.69 5343.91
6771.71 5343.74
6771.7 5343.52
6771.7 5343.46
6771.69 5343.35
6771.68 5343.24
6771.68 5343.24
6771.69 5343.12
6771.69 5343.01
6771.66 5342.41
6771.66 5342.33
6771.65 5342.18
6771.64 5342.1
6771.64 5342.1
6771.64 5341.95
6771.62 5341.44
6771.62 5341.44
6771.62 5341.44
6771.62 5341.44
6771.62 5341.44
6771.62 5341.44
6771.62 5341.44
6771.62 5340.75
6771.64 5340.48
6771.64 5340.48
6771.67 5340.22
6771.67 5340.22
6771.66 5340.08
6771.63 5339.33
6771.63 5339.33
6771.63 5339.22
6771.65 5339.06
6771.67 5339
6771.7 5338.72
6771.7 5338.67
6771.69 5338.56
6771.69 5338.56
6771.68 5338.44
6771.68 5338.33
6771.68 5338.21
6771.69 5337.98
6771.69 5337.98
6771.68 5337.31
6771.67 5337.28
6771.67 5337.12
6771.67 5337.12
6771.67 5337.12
6771.68 5337.01
6771.66 5336.44
6771.66 5336.44
6771.66 5336.44
6771.66 5336.44
6771.66 5336.44
6771.66 5336.44
6771.6 5335.34
6771.6 5335.34
6771.61 5335.28
6771.68 5335.09
6771.74 5335.01
6771.74 5335.01
6771.8 5334.8
6771.8 5334.8
6771.79 5334.59
6771.79 5334.59
6771.79 5334.48
6771.78 5334.2
6771.78 5334.2
6771.78 5334.2
6771.75 5333.43
6771.75 5333.32
6771.75 5333.28
6771.75 5333.28
6771.73 5333.13
6771.72 5333.06
6771.72 5333.06
6771.7 5332.44
6771.7 5332.44
6771.7 5332.44
6771.7 5332.44
6771.7 5332.44
6771.7 5332.44
6771.71 5331.4
6771.71 5331.34
6771.7 5331.23
6771.67 5331.12
6771.67 5331.12
6771.61 5330.9
6771.61 5330.9
6771.62 5330.79
6771.62 5330.68
6771.64 5330.45
6771.64 5330.33
6771.64 5330.22
6771.64 5330.22
6771.64 5330.1
6771.64 5329.99
6771.68 5329.28
6771.69 5329.24
6771.7 5329.16
6771.7 5329.12
6771.7 5329.12
6771.73 5328.44
6771.73 5328.44
6771.73 5328.44
6771.73 5328.44
6771.73 5328.44
6771.73 5328.44
6771.73 5328.44
6771.76 5327.73
6771.76 5327.73
6771.75 5327.6
6771.71 5327.41
6771.64 5327.15
6771.64 5327.15
6771.64 5327.09
6771.65 5326.96
6771.7 5326.36
6771.73 5326.14
6771.71 5326.03
6771.68 5325.93
6771.68 5325.93
6771.65 5325.83
6771.63 5325.72
6771.65 5325.45
6771.65 5325.45
6771.67 5325.29
6771.68 5325.18
6771.68 5325.18
6771.71 5324.41
6771.71 5324.38
6771.72 5324.3
6771.72 5324.23
6771.72 5324.23
6771.74 5324.16
6771.75 5324.08
6771.75 5324
6771.77 5323.44
6771.77 5323.44
6771.77 5323.44
6771.77 5323.44
6771.77 5323.44
6771.77 5323.44
6771.79 5322.37
6771.79 5322.37
6771.77 5322.08
6771.75 5322.03
6771.73 5321.92
6771.73 5321.92
6771.73 5321.81
6771.74 5321.58
6771.75 5321.47
6771.75 5321.47
6771.76 5321.24
6771.76 5321.12
6771.76 5321.12
6771.76 5321
6771.78 5320.29
6771.78 5320.29
6771.78 5320.25
6771.78 5320.05
6771.78 5320.02
6771.81 5319.44
6771.81 5319.44
6771.81 5319.44
6771.81 5319.44
6771.81 5319.44
6771.81 5319.44
6771.82 5318.42
6771.82 5318.42
6771.82 5318.24
6771.81 5318.13
6771.78 5317.96
6771.78 5317.96
6771.78 5317.78
6771.78 5317.78
6771.79 5317.67
6771.79 5317.61
6771.8 5317.43
6771.8 5317.2
6771.8 5317.2
6771.8 5317.08
6771.82 5316.37
6771.82 5316.37
6771.83 5316.22
6771.83 5316.22
6771.82 5316.02
6771.82 5316.02
6771.82 5316.02
6771.84 5315.44
6771.84 5315.44
6771.84 5315.44
6771.84 5315.44
6771.84 5315.44
6771.84 5315.44
6771.83 5314.33
6771.83 5314.33
6771.91 5314.12
6771.95 5314.02
6771.95 5314.02
6771.97 5313.91
6771.97 5313.8
6771.95 5313.58
6771.95 5313.58
6771.95 5313.36
6771.95 5313.36
6771.95 5313.13
6771.95 5313.01
6771.95 5313.01
6771.93 5312.41
6771.92 5312.34
6771.91 5312.15
6771.91 5312.15
6771.9 5312.03
6771.9 5311.95
6771.9 5311.95
6771.88 5311.44
6771.88 5311.44
6771.88 5311.44
6771.88 5311.44
6771.88 5311.44
6771.88 5311.44
6771.88 5311.44
6771.86 5310.28
6771.91 5310.07
6771.91 5310.07
6771.99 5309.94
6772.04 5309.78
6772.04 5309.78
6772.04 5309.67
6772.02 5309.45
6772.01 5309.34
6772.01 5309.23
6772.01 5309.23
6772.01 5309.12
6772.01 5309.01
6771.98 5308.37
6771.97 5308.26
6771.96 5308.19
6771.96 5308.19
6771.94 5308.08
6771.94 5308.04
6771.93 5307.96
6771.91 5307.44
6771.91 5307.44
6771.91 5307.44
6771.91 5307.44
6771.91 5307.44
6771.91 5306.37
6771.91 5306.31
6771.92 5306.15
6771.92 5306.15
6771.94 5306.09
6771.98 5305.87
6771.98 5305.87
6771.98 5305.76
6771.98 5305.65
6771.97 5305.53
6771.96 5305.31
6771.96 5305.31
6771.96 5305.19
6771.97 5305.08
6771.96 5304.34
6771.96 5304.34
6771.96 5304.3
6771.94 5304.18
6771.94 5304.07
6771.94 5304.07
6771.94 5303.99
6771.94 5303.44
6771.94 5303.44
6771.94 5303.44
6771.94 5303.44
6771.94 5303.44
6771.94 5303.44
6771.94 5302.39
6771.95 5302.22
6771.98 5302.11
6771.98 5302.11
6772.02 5302
6772.03 5301.89
6772.04 5301.78
6772.03 5301.66
6772.03 5301.61
6772.02 5301.44
6772.02 5301.2
6772.02 5301.2
6772.02 5300.97
6772.02 5300.97
6772.01 5300.38
6772 5300.31
6771.99 5300.15
6771.99 5300.15
6771.99 5300.07
6771.98 5299.44
6771.98 5299.44
6771.98 5299.44
6771.98 5299.44
6771.98 5299.44
6771.98 5299.44
6771.98 5299.44
6771.98 5299.44
6771.97 5298.69
6772.03 5298.43
6772.08 5298.31
6772.08 5298.31
6772.11 5298.05
6772.09 5297.42
6772.07 5297.31
6772.06 5297.2
6772.04 5297.09
6772.03 5296.98
6772.03 5296.86
6772.03 5296.86
6772.03 5296.75
6772.04 5296.52
6772.04 5296.41
6772.04 5296.29
6772.04 5296.18
6772.04 5296.06
6772.04 5296.06
6772.03 5295.37
6772.03 5295.37
6772.03 5295.21
6772.03 5295.21
6772.03 5295.13
6772.02 5294.44
6772.02 5294.44
6772.02 5294.44
6772.02 5294.44
6772.02 5294.44
6772.02 5294.44
6772.02 5294.44
6772.04 5293.42
6772.03 5293.3
6772.02 5293.18
6772.02 5293.18
6772 5293.13
6771.93 5292.91
6771.92 5292.8
6771.93 5292.63
6771.93 5292.63
6771.95 5292.52
6771.96 5292.4
6771.97 5292.29
6771.97 5292.17
6771.97 5292.06
6772 5291.36
6772 5291.29
6772 5291.29
6772.02 5291.21
6772.04 5291.14
6772.05 5291.06
6772.05 5290.44
6772.05 5290.44
6772.05 5290.44
6772.05 5290.44
6772.05 5290.44
6772.05 5290.44
6772.05 5290.44
6772.07 5289.34
6772.08 5289.22
6772.07 5289.05
6772.07 5289.05
6772.03 5288.89
6772.03 5288.89
6772 5288.78
6772 5288.5
6772.01 5288.44
6772.01 5288.44
6772.02 5288.33
6772.03 5288.22
6772.04 5288.1
6772.05 5287.43
6772.04 5287.32
6772.04 5287.32
6772.06 5287.13
6772.06 5287.13
6772.07 5287.02
6772.07 5287.02
6772.07 5286.95
6772.09 5286.44
6772.09 5286.44
6772.09 5286.44
6772.09 5286.44
6772.09 5286.44
6772.09 5286.44
6772.11 5285.63
6772.11 5285.63
6772.06 5285.37
6772.03 5285.24
6772.03 5285.24
6772.07 5284.42
6772.07 5284.42
6772.09 5284.37
6772.1 5284.2
6772.08 5283.98
6772.08 5283.98
6772.08 5283.76
6772.08 5283.76
6772.09 5283.59
6772.09 5283.59
6772.09 5283.54
6772.1 5283.37
6772.1 5283.19
6772.1 5283.02
6772.1 5282.96
6772.11 5282.34
6772.11 5282.34
6772.12 5282.15
6772.12 5282.07
6772.12 5282.03
6772.12 5282.03
6772.13 5281.95
6772.13 5281.44
6772.13 5281.44
6772.13 5281.44
6772.13 5281.44
6772.13 5281.44
6772.14 5280.38
6772.14 5280.32
6772.15 5280.14
6772.15 5280.14
6772.11 5279.92
6772.09 5279.81
6772.09 5279.81
6772.09 5279.58
6772.09 5279.58
6772.12 5279.35
6772.12 5279.35
6772.12 5279.12
6772.12 5279.12
6772.12 5279
6772.14 5278.37
6772.14 5278.25
6772.14 5278.25
6772.15 5278.09
6772.15 5277.98
6772.15 5277.98
6772.16 5277.44
6772.16 5277.44
6772.16 5277.44
6772.16 5277.44
6772.16 5277.44
6772.16 5277.44
6772.16 5276.36
6772.16 5276.36
6772.2 5276.13
6772.2 5276.13
6772.24 5276.03
6772.28 5275.92
6772.3 5275.81
6772.3 5275.7
6772.28 5275.47
6772.28 5275.47
6772.27 5275.36
6772.27 5275.19
6772.27 5275.13
6772.28 5275.01
6772.25 5274.41
6772.24 5274.3
6772.23 5274.18
6772.23 5274.18
6772.19 5274.04
6772.19 5274.04
6772.2 5273.44
6772.2 5273.44
6772.2 5273.44
6772.2 5273.44
6772.2 5273.44
6772.2 5273.44
6772.2 5272.79
6772.2 5272.65
6772.2 5272.51
6772.18 5272.38
6772.18 5272.38
6772.16 5272.25
6772.18 5271.98
6772.18 5271.98
6772.21 5271.25
6772.21 5271.25
6772.19 5271.02
6772.19 5271.02
6772.18 5270.9
6772.16 5270.67
6772.17 5270.56
6772.18 5270.44
6772.18 5270.33
6772.18 5270.33
6772.19 5270.1
6772.19 5270.1
6772.21 5269.35
6772.21 5269.31
6772.21 5269.31
6772.22 5269.15
6772.22 5269.07
6772.22 5269.07
6772.23 5268.96
6772.24 5268.44
6772.24 5268.44
6772.24 5268.44
6772.24 5268.44
6772.24 5268.44
6772.24 5268.44
6772.25 5267.26
6772.25 5267.26
6772.25 5267.2
6772.19 5266.92
6772.18 5266.86
6772.18 5266.86
6772.19 5266.63
6772.2 5266.52
6772.2 5266.52
6772.21 5266.4
6772.21 5266.28
6772.21 5266.11
6772.21 5266.05
6772.24 5265.44
6772.24 5265.28
6772.24 5265.28
6772.25 5265.2
6772.26 5265.12
6772.26 5265.05
6772.27 5264.44
6772.27 5264.44
6772.27 5264.44
6772.27 5264.44
6772.27 5264.44
6772.27 5264.44
6772.29 5263.41
6772.29 5263.41
6772.28 5263.17
6772.26 5263.06
6772.24 5262.94
6772.23 5262.83
6772.24 5262.71
6772.25 5262.6
6772.26 5262.48
6772.26 5262.48
6772.26 5262.18
6772.26 5262.18
6772.27 5262.01
6772.27 5262.01
6772.29 5261.33
6772.29 5261.25
6772.29 5261.25
6772.29 5261.13
6772.29 5261.09
6772.29 5261.01
6772.31 5260.44
6772.31 5260.44
6772.31 5260.44
6772.31 5260.44
6772.31 5260.44
6772.31 5260.44
6772.31 5260.44
6772.34 5259.18
6772.34 5259.18
6772.41 5259.03
6772.41 5259.03
6772.44 5258.92
6772.45 5258.81
6772.44 5258.58
6772.44 5258.58
6772.44 5258.47
6772.43 5258.35
6772.43 5258.12
6772.43 5258.12
6772.4 5257.37
6772.39 5257.33
6772.39 5257.33
6772.39 5257.25
6772.37 5257.1
6772.37 5257.1
6772.37 5256.98
6772.37 5256.94
6772.34 5256.44
6772.34 5256.44
6772.34 5256.44
6772.34 5256.44
6772.34 5256.44
6772.29 5255.33
6772.3 5255.28
6772.31 5255.17
6772.31 5255.17
6772.34 5255.07
6772.39 5254.97
6772.43 5254.85
6772.43 5254.86
6772.43 5254.86
6772.43 5254.86
6772.42 5254.85
6772.42 5254.85
6772.42 5254.85
6772.42 5254.85
6772.42 5254.85
6772.42 5254.85
6772.42 5254.85
6772.42 5254.85
6772.42 5254.85
6772.42 5254.85
6772.42 5254.85
6772.42 5254.85
6772.42 5254.85
6772.42 5254.85
6772.42 5254.85
6772.42 5254.85
6772.42 5254.85
6772.42 5254.85
6772.42 5254.85
6772.42 5254.85
6772.42 5254.85
6772.42 5254.85
6772.42 5254.85
6772.42 5254.85
6772.42 5254.85
6772.42 5254.85
6772.42 5254.85
6772.42 5254.85
6772.42 5254.85
6772.42 5254.85
6772.42 5254.85
6772.42 5254.85
6772.42 5254.85
6772.42 5254.85
6772.42 5254.85
6772.42 5254.85
6772.42 5254.85
6772.42 5254.85
6772.42 5254.85
6772.42 5254.85
6772.42 5254.85
6772.42 5254.85
6772.42 5254.85
6772.43 5254.85
6772.43 5254.85
6772.43 5254.85
6772.43 5254.85
6772.43 5254.85
6772.43 5254.85
6772.42 5254.85
6772.42 5254.85
6772.42 5254.85
6772.42 5254.85
6772.42 5254.85
6772.42 5254.85
6772.42 5254.85
6772.42 5254.85
6772.42 5254.85
6772.42 5254.85
6772.42 5254.85
6772.42 5254.85
6772.42 5254.85
6772.42 5254.85
6772.42 5254.85
6772.43 5254.85
6772.43 5254.85
6772.43 5254.85
6772.43 5254.85
6772.43 5254.85
6772.43 5254.85
6772.43 5254.85
6772.43 5254.85
6772.43 5254.85
6772.43 5254.85
6772.43 5254.85
6772.43 5254.85
6772.43 5254.85
6772.43 5254.85
6772.43 5254.85
6772.43 5254.85
6772.43 5254.85
6772.43 5254.85
6772.43 5254.85
6772.43 5254.85
6772.43 5254.85
6772.43 5254.85
6772.43 5254.85
6772.43 5254.85
6772.43 5254.85
6772.43 5254.85
6772.43 5254.85
6772.43 5254.85
6772.43 5254.85
6772.43 5254.85
6772.43 5254.85
6772.43 5254.85
6772.43 5254.85
6772.43 5254.85
6772.43 5254.85
6772.43 5254.85
6772.43 5254.85
6772.43 5254.83
6772.43 5254.82
6772.43 5254.78
6772.43 5254.76
6772.43 5254.76
6772.44 5254.67
6772.44 5254.67
6772.44 5254.65
6772.44 5254.6
6772.44 5254.55
6772.44 5254.49
6772.45 5254.38
6772.45 5254.35
6772.45 5254.25
6772.45 5254.25
6772.45 5254.12
6772.45 5254.05
6772.45 5253.98
6772.42 5253.41
6772.42 5253.41
6772.42 5253.31
6772.42 5253.26
6772.42 5253.2
6772.42 5253.14
6772.42 5253.14
6772.42 5253.09
6772.42 5253.03
6772.38 5252.44
6772.38 5252.44
6772.38 5252.44
6772.38 5252.44
6772.38 5252.44
6772.38 5252.44
6772.38 5252.44
6772.38 5252.44
6772.4 5251.37
6772.4 5251.37
6772.35 5251.18
6772.35 5251.18
6772.24 5250.96
6772.23 5250.91
6772.23 5250.91
6772.23 5250.71
6772.24 5250.61
6772.25 5250.51
6772.25 5250.4
6772.25 5250.4
6772.26 5250.19
6772.26 5250.09
6772.26 5249.98
6772.26 5249.98
6772.32 5249.4
6772.33 5249.25
6772.33 5249.25
6772.34 5249.11
6772.34 5249.11
6772.36 5248.96
6772.36 5248.96
6772.41 5248.44
6772.41 5248.44
6772.41 5248.44
6772.41 5248.44
6772.41 5248.44
6772.41 5248.44
6772.44 5247.38
6772.44 5247.16
6772.44 5247.16
6772.43 5247.1
6772.35 5246.91
6772.32 5246.8
6772.32 5246.69
6772.33 5246.59
6772.36 5246.42
6772.36 5246.37
6772.36 5246.37
6772.36 5246.26
6772.36 5246.15
6772.36 5245.98
6772.39 5245.43
6772.4 5245.32
6772.41 5245.28
6772.42 5245.21
6772.42 5245.06
6772.42 5245.06
6772.41 5244.99
6772.44 5244.44
6772.44 5244.44
6772.44 5244.44
6772.44 5244.44
6772.44 5244.44
6772.44 5244.44
6772.44 5244.44
6772.46 5243.73
6772.43 5243.47
6772.39 5243.36
6772.36 5243.23
6772.35 5243.1
6772.35 5243.1
6772.37 5242.98
6772.42 5242.26
6772.42 5242.2
6772.42 5242.2
6772.41 5242.04
6772.35 5241.79
6772.34 5241.73
6772.34 5241.73
6772.37 5241.47
6772.37 5241.47
6772.38 5241.42
6772.39 5241.2
6772.39 5241.2
6772.39 5240.98
6772.43 5240.39
6772.43 5240.39
6772.44 5240.25
6772.44 5240.21
6772.44 5240.21
6772.45 5240.1
6772.46 5239.95
6772.46 5239.95
6772.49 5239.44
6772.49 5239.44
6772.49 5239.44
6772.49 5239.44
6772.49 5239.44
6772.49 5239.44
6772.51 5238.23
6772.51 5238.23
6772.48 5238.06
6772.45 5237.96
6772.45 5237.96
6772.43 5237.73
6772.45 5237.57
6772.45 5237.57
6772.45 5237.51
6772.46 5237.28
6772.46 5237.28
6772.47 5237.17
6772.47 5237.05
6772.49 5236.44
6772.49 5236.29
6772.49 5236.29
6772.5 5236.21
6772.51 5236.13
6772.51 5236.06
6772.52 5235.44
6772.52 5235.44
6772.52 5235.44
6772.52 5235.44
6772.52 5235.44
6772.52 5235.44
6772.53 5234.69
6772.53 5234.69
6772.53 5234.61
6772.53 5233.96
6772.53 5233.96
6772.53 5233.96
6772.53 5233.96
6772.53 5233.96
6772.53 5233.96
6772.53 5233.96
6772.63 5233.4
6772.65 5233.27
6772.65 5233.27
6772.86 5232.58
6772.86 5232.58
6772.94 5232.32
6772.94 5232.32
6772.92 5232.1
6772.92 5232.1
6772.92 5232.04
6772.96 5231.83
6772.96 5231.83
6773.03 5231.57
6773.03 5231.57
6773.07 5231.41
6773.1 5231.3
6773.25 5230.73
6773.25 5230.73
6773.27 5230.66
6773.29 5230.58
6773.33 5230.44
6773.35 5230.36
6773.5 5229.81
6773.5 5229.81
6773.5 5229.81
6773.5 5229.81
6773.5 5229.81
6773.5 5229.81
6773.5 5229.81
6773.5 5229.81
6774.08 5229.54
6774.08 5229.54
6774.15 5229.41
6774.27 5229.05
6774.28 5228.9
6774.28 5228.9
6774.83 5228.66
6774.83 5228.66
6774.98 5228.42
6775.08 5228.34
6775.08 5228.34
6775.19 5228.27
6775.31 5228.21
6775.56 5228.1
6775.62 5228.08
6775.62 5228.08
6775.82 5228.01
6776.1 5227.92
6776.3 5227.84
6776.37 5227.82
6776.51 5227.78
6776.51 5227.78
6776.8 5227.71
6776.8 5227.71
6776.94 5227.67
6777.09 5227.64
6777.23 5227.6
6777.52 5227.55
6777.74 5227.51
6777.74 5227.51
6777.81 5227.5
6777.96 5227.48
6778.03 5227.47
6778.24 5227.44
6778.53 5227.4
6778.53 5227.4
6778.75 5227.37
6778.82 5227.36
6779.03 5227.34
6779.1 5227.33
6779.25 5227.31
6779.46 5227.29
6779.67 5227.27
6779.73 5227.27
6780.01 5227.24
6780.07 5227.24
6780.07 5227.24
6780.34 5227.22
6780.48 5227.21
6780.61 5227.2
6780.75 5227.19
6780.75 5227.19
6781.02 5227.18
6781.15 5227.17
6781.22 5227.17
6781.22 5227.17
6781.42 5227.15
6781.69 5227.14
6781.69 5227.14
6781.96 5227.12
6781.96 5227.12
6782.23 5227.11
6782.23 5227.11
6782.5 5227.09
6782.64 5227.09
6782.64 5227.09
6782.77 5227.08
6783.04 5227.07
6783.04 5227.07
6783.17 5227.06
6783.31 5227.06
6783.44 5227.06
6783.58 5227.05
6783.71 5227.05
6783.98 5227.04
6783.98 5227.04
6784.12 5227.03
6784.25 5227.02
6784.53 5227.01
6784.66 5227.01
6784.66 5227.01
6784.8 5227
6784.94 5227
6785.21 5226.99
6785.42 5226.98
6785.42 5226.98
6785.63 5226.97
6785.77 5226.96
6785.77 5226.96
6786.04 5226.95
6786.04 5226.95
6786.32 5226.94
6786.32 5226.94
6786.6 5226.93
6786.6 5226.93
6786.89 5226.92
6786.89 5226.92
6787.17 5226.91
6787.31 5226.91
6787.45 5226.9
6787.45 5226.9
6787.74 5226.89
6787.88 5226.89
6788.02 5226.88
6788.02 5226.88
6788.17 5226.88
6788.31 5226.87
6788.52 5226.86
6788.59 5226.86
6788.67 5226.86
6788.95 5226.85
6789.17 5226.84
6789.17 5226.84
6789.31 5226.84
6789.53 5226.83
6789.6 5226.82
6789.89 5226.81
6790.03 5226.81
6790.17 5226.8
6790.32 5226.8
6790.32 5226.8
6790.46 5226.79
6790.75 5226.78
6790.75 5226.78
6790.9 5226.78
6791.18 5226.77
6791.33 5226.76
6791.33 5226.76
6791.62 5226.75
6791.62 5226.75
6791.76 5226.74
6792.05 5226.73
6792.13 5226.73
6792.34 5226.72
6792.34 5226.72
6792.63 5226.71
6792.78 5226.71
6792.78 5226.71
6792.84 5226.68
6792.84 5226.68
6792.84 5226.68
6792.84 5226.69
6792.84 5226.69
6792.84 5226.68
6792.84 5226.68
6792.84 5226.68
6792.84 5226.68
6792.84 5226.68
6792.84 5226.68
6792.84 5226.68
6792.84 5226.68
6792.84 5226.68
6792.84 5226.68
6792.84 5226.68
6792.84 5226.68
6792.84 5226.68
6792.84 5226.68
6792.84 5226.68
6792.84 5226.68
6792.84 5226.68
6792.84 5226.68
6792.84 5226.67
6792.84 5226.67
6792.84 5226.67
6792.84 5226.67
6792.84 5226.67
6792.84 5226.67
6792.84 5226.67
6792.84 5226.67
6792.84 5226.67
6792.84 5226.67
6792.84 5226.67
6792.84 5226.67
6792.85 5226.66
6792.85 5226.66
6792.85 5226.66
6792.85 5226.67
6792.85 5226.66
6792.85 5226.66
6792.85 5226.66
6792.85 5226.66
6792.85 5226.66
6792.85 5226.66
6792.85 5226.66
6792.85 5226.66
6792.85 5226.66
6792.85 5226.66
6792.85 5226.66
6792.85 5226.66
6792.85 5226.65
6792.85 5226.65
6792.85 5226.65
6792.85 5226.65
6792.85 5226.65
6792.85 5226.65
6792.85 5226.65
6792.85 5226.65
6792.85 5226.65
6792.85 5226.65
6792.85 5226.65
6792.85 5226.65
6792.85 5226.65
6792.85 5226.65
6792.85 5226.65
6792.85 5226.64
6792.85 5226.64
6792.85 5226.64
6792.85 5226.64
6792.85 5226.64
6792.85 5226.64
6792.85 5226.64
6792.85 5226.64
6792.85 5226.64
6792.85 5226.64
6792.85 5226.64
6792.85 5226.64
6792.85 5226.64
6792.85 5226.64
6792.85 5226.64
6792.85 5226.64
6792.85 5226.64
6792.85 5226.63
6792.85 5226.63
6792.85 5226.63
6792.85 5226.63
6792.85 5226.63
6792.85 5226.63
6792.85 5226.63
6792.85 5226.63
6792.85 5226.63
6792.85 5226.63
6792.85 5226.63
6792.85 5226.63
6792.85 5226.63
6792.85 5226.63
6792.85 5226.63
6792.85 5226.63
6792.85 5226.62
6792.85 5226.62
6792.85 5226.62
6792.85 5226.62
6792.85 5226.62
6792.85 5226.62
6792.86 5226.62
6792.86 5226.62
6792.86 5226.62
6792.86 5226.62
6792.86 5226.62
6792.86 5226.62
6792.86 5226.62
6792.86 5226.62
6792.86 5226.62
6792.86 5226.62
6792.86 5226.61
6792.86 5226.61
6792.86 5226.61
6792.86 5226.61
6792.86 5226.61
6792.86 5226.61
6792.86 5226.61
6792.86 5226.61
6792.86 5226.61
6792.86 5226.61
6792.86 5226.61
6792.86 5226.61
6792.86 5226.61
6792.86 5226.61
6792.86 5226.61
6792.86 5226.61
6792.86 5226.61
6792.86 5226.61
6792.86 5226.6
6792.86 5226.6
6792.86 5226.6
6792.86 5226.6
6792.86 5226.6
6792.86 5226.6
6792.86 5226.6
6792.86 5226.6
6792.86 5226.6
6792.86 5226.6
6792.86 5226.6
6792.86 5226.6
6792.86 5226.6
6792.86 5226.59
6792.86 5226.59
6792.86 5226.59
6792.86 5226.59
6792.86 5226.59
6792.86 5226.59
6792.86 5226.59
6792.86 5226.59
6792.86 5226.59
6792.86 5226.59
6792.86 5226.59
6792.86 5226.59
6792.86 5226.59
6792.86 5226.59
6792.86 5226.59
6792.86 5226.59
6792.86 5226.58
6792.86 5226.58
6792.87 5226.58
6792.87 5226.58
6792.87 5226.58
6792.87 5226.58
6792.87 5226.58
6792.87 5226.58
6792.87 5226.58
6792.87 5226.58
6792.87 5226.58
6792.87 5226.58
6792.87 5226.58
6792.87 5226.58
6792.87 5226.58
6792.87 5226.58
6792.87 5226.58
6792.87 5226.57
6792.87 5226.57
6792.87 5226.57
6792.87 5226.57
6792.87 5226.57
6792.87 5226.57
6792.87 5226.57
6792.87 5226.57
6792.87 5226.57
6792.87 5226.57
6792.87 5226.57
6792.87 5226.57
6792.87 5226.56
6792.87 5226.56
6792.87 5226.56
6792.87 5226.56
6792.87 5226.56
6792.87 5226.56
6792.87 5226.56
6792.87 5226.56
6792.87 5226.56
6792.87 5226.56
6792.87 5226.56
6792.87 5226.56
6792.87 5226.56
6792.87 5226.56
6792.87 5226.56
6792.87 5226.56
6792.87 5226.55
6792.87 5226.55
6792.87 5226.55
6792.87 5226.55
6792.87 5226.55
6792.87 5226.55
6792.87 5226.55
6792.87 5226.55
6792.87 5226.55
6792.87 5226.55
6792.87 5226.55
6792.87 5226.55
6792.87 5226.55
6792.87 5226.55
6792.87 5226.55
6792.87 5226.55
6792.88 5226.55
6792.88 5226.55
6792.88 5226.54
6792.88 5226.54
6792.88 5226.54
6792.88 5226.54
6792.88 5226.54
6792.88 5226.54
6792.88 5226.54
6792.88 5226.54
6792.88 5226.54
6792.88 5226.54
6792.88 5226.54
6792.88 5226.54
6792.88 5226.54
6792.88 5226.54
6792.88 5226.54
6792.88 5226.54
6792.88 5226.54
6792.88 5226.54
6792.88 5226.53
6792.88 5226.53
6792.88 5226.53
6792.88 5226.53
6792.88 5226.53
6792.88 5226.53
6792.88 5226.53
6792.88 5226.53
6792.88 5226.53
6792.88 5226.53
6792.88 5226.53
6792.88 5226.53
6792.88 5226.53
6792.88 5226.53
6792.88 5226.52
6792.88 5226.52
6792.88 5226.52
6792.88 5226.52
6792.88 5226.52
6792.88 5226.52
6792.88 5226.52
6792.88 5226.52
6792.88 5226.52
6792.88 5226.52
6792.88 5226.52
6792.88 5226.52
6792.88 5226.52
6792.88 5226.52
6792.88 5226.52
6792.88 5226.52
6792.88 5226.52
6792.88 5226.51
6792.88 5226.51
6792.88 5226.51
6792.88 5226.51
6792.88 5226.51
6792.89 5226.51
6792.89 5226.51
6792.89 5226.51
6792.89 5226.51
6792.89 5226.51
6792.89 5226.51
6792.89 5226.51
6792.89 5226.51
6792.89 5226.51
6792.89 5226.51
6792.89 5226.5
6792.89 5226.5
6792.89 5226.5
6792.89 5226.5
6792.89 5226.5
6792.89 5226.5
6792.89 5226.5
6792.89 5226.5
6792.89 5226.5
6792.89 5226.5
6792.89 5226.5
6792.89 5226.5
6792.89 5226.5
6792.89 5226.5
6792.89 5226.5
6792.89 5226.5
6792.89 5226.5
6792.89 5226.5
6792.89 5226.49
6792.89 5226.49
6792.89 5226.49
6792.89 5226.49
6792.89 5226.49
6792.89 5226.49
6792.89 5226.49
6792.89 5226.49
6792.89 5226.49
6792.89 5226.49
6792.89 5226.49
6792.89 5226.49
6792.89 5226.49
6792.89 5226.49
6792.89 5226.49
6792.89 5226.48
6792.89 5226.48
6792.89 5226.48
6792.89 5226.48
6792.89 5226.48
6792.89 5226.48
6792.89 5226.48
6792.89 5226.48
6792.89 5226.48
6792.89 5226.48
6792.89 5226.48
6792.89 5226.48
6792.9 5226.48
6792.9 5226.48
6792.9 5226.48
6792.9 5226.48
6792.9 5226.48
6792.9 5226.47
6792.9 5226.47
6792.9 5226.47
6792.9 5226.47
6792.9 5226.47
6792.9 5226.47
6792.9 5226.47
6792.9 5226.47
6792.9 5226.47
6792.9 5226.47
6792.9 5226.47
6792.9 5226.47
6792.9 5226.47
6792.9 5226.47
6792.9 5226.47
6792.9 5226.47
6792.9 5226.47
6792.9 5226.47
6792.9 5226.46
6792.9 5226.46
6792.9 5226.46
6792.9 5226.46
6792.9 5226.46
6792.9 5226.46
6792.9 5226.46
6792.9 5226.46
6792.9 5226.46
6792.9 5226.46
6792.9 5226.46
6792.9 5226.46
6792.9 5226.46
6792.9 5226.46
6792.9 5226.45
6792.9 5226.45
6792.9 5226.45
6792.9 5226.45
6792.9 5226.45
6792.9 5226.45
6792.9 5226.45
6792.9 5226.45
6792.9 5226.45
6792.9 5226.45
6792.9 5226.45
6792.9 5226.45
6792.9 5226.45
6792.9 5226.45
6792.9 5226.45
6792.9 5226.45
6792.9 5226.45
6792.91 5226.45
6792.91 5226.44
6792.91 5226.45
6792.91 5226.45
6792.91 5226.44
6792.91 5226.44
6792.91 5226.44
6792.91 5226.44
6792.91 5226.44
6792.91 5226.44
6792.91 5226.44
6792.91 5226.44
6792.91 5226.44
6792.91 5226.44
6792.91 5226.44
6792.91 5226.44
6792.91 5226.44
6792.91 5226.44
6792.91 5226.43
6792.91 5226.43
6792.91 5226.43
6792.91 5226.43
6792.91 5226.43
6792.91 5226.43
6792.91 5226.43
6792.91 5226.43
6792.91 5226.43
6792.91 5226.43
6792.91 5226.43
6792.91 5226.43
6792.91 5226.43
6792.91 5226.43
6792.91 5226.43
6792.91 5226.43
6792.91 5226.43
6792.91 5226.42
6792.91 5226.42
6792.91 5226.42
6792.91 5226.42
6792.91 5226.42
6792.91 5226.42
6792.91 5226.42
6792.91 5226.42
6792.91 5226.42
6792.91 5226.42
6792.91 5226.42
6792.91 5226.42
6792.91 5226.42
6792.91 5226.42
6792.91 5226.42
6792.91 5226.42
6792.91 5226.42
6792.92 5226.41
6792.92 5226.41
6792.92 5226.41
6792.92 5226.41
6792.92 5226.41
6792.92 5226.41
6792.92 5226.41
6792.92 5226.41
6792.92 5226.41
6792.92 5226.41
6792.92 5226.41
6792.92 5226.41
6792.92 5226.41
6792.92 5226.41
6792.92 5226.41
6792.92 5226.41
6792.92 5226.4
6792.92 5226.4
6792.92 5226.4
6792.92 5226.4
6792.92 5226.4
6792.92 5226.4
6792.92 5226.4
6792.92 5226.4
6792.92 5226.4
6792.92 5226.4
6792.92 5226.4
6792.92 5226.4
6792.92 5226.4
6792.92 5226.4
6792.92 5226.4
6792.92 5226.4
6792.92 5226.39
6792.92 5226.39
6792.92 5226.39
6792.92 5226.39
6792.92 5226.39
6792.92 5226.39
6792.92 5226.39
6792.92 5226.39
6792.92 5226.39
6792.92 5226.39
6792.92 5226.39
6792.92 5226.39
6792.93 5226.39
6792.93 5226.39
6792.93 5226.39
6792.93 5226.38
6792.93 5226.38
6792.93 5226.38
6792.93 5226.38
6792.93 5226.38
6792.93 5226.38
6792.93 5226.38
6792.93 5226.38
6792.93 5226.38
6792.93 5226.38
6792.93 5226.38
6792.93 5226.38
6792.93 5226.38
6792.93 5226.38
6792.93 5226.38
6792.93 5226.38
6792.93 5226.38
6792.93 5226.37
6792.93 5226.37
6792.93 5226.37
6792.93 5226.37
6792.93 5226.37
6792.93 5226.37
6792.93 5226.37
6792.93 5226.37
6792.93 5226.37
6792.93 5226.37
6792.93 5226.37
6792.93 5226.37
6792.93 5226.37
6792.93 5226.37
6792.93 5226.37
6792.93 5226.37
6792.93 5226.37
6792.93 5226.37
6792.93 5226.36
6792.93 5226.36
6792.93 5226.36
6792.93 5226.36
6792.93 5226.36
6792.93 5226.36
6792.93 5226.36
6792.93 5226.36
6792.93 5226.36
6792.93 5226.36
6792.94 5226.36
6792.94 5226.36
6792.94 5226.36
6792.94 5226.36
6792.94 5226.36
6792.94 5226.36
6792.94 5226.36
6792.94 5226.35
6792.94 5226.35
6792.94 5226.35
6792.94 5226.35
6792.94 5226.35
6792.94 5226.35
6792.94 5226.35
6792.94 5226.35
6792.94 5226.35
6792.94 5226.35
6792.94 5226.35
6792.94 5226.35
6792.94 5226.35
6792.94 5226.35
6792.94 5226.35
6792.94 5226.35
6792.94 5226.35
6792.94 5226.35
6792.94 5226.34
6792.94 5226.34
6792.94 5226.34
6792.94 5226.34
6792.94 5226.34
6792.94 5226.34
6792.94 5226.34
6792.94 5226.34
6792.94 5226.34
6792.94 5226.34
6792.94 5226.34
6792.94 5226.34
6792.94 5226.34
6792.94 5226.34
6792.94 5226.34
6792.94 5226.34
6792.94 5226.34
6792.94 5226.33
6792.94 5226.33
6792.94 5226.33
6792.95 5226.33
6792.95 5226.33
6792.95 5226.33
6792.95 5226.33
6792.95 5226.33
6792.95 5226.33
6792.95 5226.33
6792.95 5226.33
6792.95 5226.33
6792.95 5226.33
6792.95 5226.33
6792.95 5226.33
6792.95 5226.33
6792.95 5226.33
6792.95 5226.33
6792.95 5226.33
6792.95 5226.32
6792.95 5226.32
6792.95 5226.32
6792.95 5226.32
6792.95 5226.32
6792.95 5226.32
6792.95 5226.32
6792.95 5226.32
6792.95 5226.32
6792.95 5226.32
6792.95 5226.32
6792.95 5226.32
6792.95 5226.32
6792.95 5226.32
6792.95 5226.32
6792.95 5226.32
6792.95 5226.32
6792.95 5226.32
6792.95 5226.32
6792.95 5226.32
6792.95 5226.32
6792.95 5226.31
6792.95 5226.31
6792.95 5226.31
6792.95 5226.31
6792.95 5226.31
6792.95 5226.31
6792.95 5226.31
6792.95 5226.31
6792.95 5226.31
6792.95 5226.31
6792.95 5226.31
6792.96 5226.31
6792.96 5226.31
6792.96 5226.31
6792.96 5226.31
6792.96 5226.3
6792.96 5226.3
6792.96 5226.3
6792.96 5226.3
6792.96 5226.3
6792.96 5226.3
6792.96 5226.3
6792.96 5226.3
6792.96 5226.3
6792.96 5226.3
6792.96 5226.3
6792.96 5226.3
6792.96 5226.3
6792.96 5226.3
6792.96 5226.3
6792.96 5226.3
6792.96 5226.3
6792.96 5226.3
6792.96 5226.29
6792.96 5226.29
6792.96 5226.29
6792.96 5226.29
6792.96 5226.29
6792.96 5226.29
6792.96 5226.29
6792.96 5226.29
6792.96 5226.29
6792.96 5226.29
6792.96 5226.29
6792.96 5226.29
6792.96 5226.29
6792.96 5226.29
6792.96 5226.29
6792.96 5226.29
6792.96 5226.29
6792.96 5226.28
6792.96 5226.28
6792.96 5226.28
6792.96 5226.28
6792.97 5226.28
6792.97 5226.28
6792.97 5226.28
6792.97 5226.28
6792.97 5226.28
6792.97 5226.28
6792.97 5226.28
6792.97 5226.28
6792.97 5226.28
6792.97 5226.28
6792.97 5226.28
6792.97 5226.28
6792.97 5226.28
6792.97 5226.28
6792.97 5226.28
6792.97 5226.28
6792.97 5226.27
6792.97 5226.27
6792.97 5226.27
6792.97 5226.27
6792.97 5226.27
6792.97 5226.27
6792.97 5226.27
6792.97 5226.27
6792.97 5226.27
6792.97 5226.27
6792.97 5226.27
6792.97 5226.27
6792.97 5226.27
6792.97 5226.27
6792.97 5226.27
6792.97 5226.27
6792.97 5226.27
6792.97 5226.27
6792.97 5226.27
6792.97 5226.27
6792.97 5226.27
6792.97 5226.26
6792.97 5226.26
6792.97 5226.26
6792.97 5226.26
6792.97 5226.26
6792.97 5226.26
6792.97 5226.26
6792.97 5226.26
6792.97 5226.26
6792.97 5226.26
6792.97 5226.26
6792.97 5226.26
6792.97 5226.26
6792.97 5226.26
6792.98 5226.26
6792.98 5226.26
6792.98 5226.26
6792.98 5226.25
6792.98 5226.25
6792.98 5226.25
6792.98 5226.25
6792.98 5226.25
6792.98 5226.25
6792.98 5226.25
6792.98 5226.25
6792.98 5226.25
6792.98 5226.25
6792.98 5226.25
6792.98 5226.25
6792.98 5226.25
6792.98 5226.25
6792.98 5226.25
6792.98 5226.25
6792.98 5226.25
6792.98 5226.25
6792.98 5226.25
6792.98 5226.25
6792.98 5226.24
6792.98 5226.24
6792.98 5226.24
6792.98 5226.24
6792.98 5226.24
6792.98 5226.24
6792.98 5226.24
6792.98 5226.24
6792.98 5226.24
6792.98 5226.24
6792.98 5226.24
6792.98 5226.24
6792.98 5226.24
6792.98 5226.24
6792.98 5226.24
6792.98 5226.24
6792.98 5226.24
6792.98 5226.24
6792.98 5226.24
6792.99 5226.23
6792.99 5226.23
6792.99 5226.23
6792.99 5226.23
6792.99 5226.23
6792.99 5226.23
6792.99 5226.23
6792.99 5226.23
6792.99 5226.23
6792.99 5226.23
6792.99 5226.23
6792.99 5226.23
6792.99 5226.23
6792.99 5226.23
6792.99 5226.23
6792.99 5226.23
6792.99 5226.23
6792.99 5226.23
6792.99 5226.23
6792.99 5226.22
6792.99 5226.22
6792.99 5226.22
6792.99 5226.22
6792.99 5226.22
6792.99 5226.22
6792.99 5226.22
6792.99 5226.22
6792.99 5226.22
6792.99 5226.22
6792.99 5226.22
