waypoint class initialized
6770.76 5443.44
6770.76 5443.44
6770.76 5443.44
6770.76 5443.44
6770.76 5443.44
6770.76 5443.44
6770.76 5443.44
6770.76 5443.44
6770.76 5443.44
6770.75 5443.44
6770.75 5443.44
6770.75 5443.44
6770.75 5443.44
6770.75 5443.44
6770.75 5443.44
6770.75 5443.44
6770.76 5443.44
6770.76 5443.44
6770.75 5443.32
6770.74 5443.25
6770.74 5443.17
6770.74 5443.13
6770.74 5443.13
6770.76 5443.05
6770.79 5442.83
6770.79 5442.74
6770.79 5442.74
6770.8 5442.54
6770.8 5442.54
6770.8 5442.28
6770.8 5442.28
6770.8 5442.23
6770.8 5442.12
6770.81 5442.01
6770.81 5441.89
6770.81 5441.66
6770.81 5441.66
6770.81 5441.54
6770.81 5441.29
6770.81 5441.16
6770.81 5441.16
6770.81 5440.97
6770.81 5440.91
6770.81 5440.77
6770.81 5440.57
6770.81 5440.37
6770.81 5440.23
6770.81 5440.23
6770.81 5440.03
6770.8 5439.82
6770.8 5439.82
6770.8 5439.53
6770.8 5439.53
6770.78 5439.18
6770.76 5439.04
6770.76 5439.04
6770.74 5438.82
6770.74 5438.82
6770.75 5438.54
6770.76 5438.39
6770.76 5438.25
6770.77 5438.1
6770.77 5438.1
6770.77 5437.95
6770.77 5437.66
6770.78 5437.43
6770.78 5437.35
6770.78 5437.13
6770.79 5437.05
6770.79 5436.82
6770.79 5436.82
6770.8 5436.59
6770.81 5436.36
6770.81 5436.28
6770.81 5436.28
6770.81 5435.89
6770.81 5435.82
6770.82 5435.66
6770.82 5435.5
6770.82 5435.5
6770.83 5435.27
6770.84 5435.03
6770.84 5435.03
6770.83 5434.88
6770.74 5434.59
6770.74 5434.59
6770.72 5434.29
6770.76 5434.08
6770.76 5434.08
6770.76 5434.08
6770.8 5433.86
6770.81 5433.79
6770.8 5433.41
6770.8 5433.41
6770.8 5433.26
6770.8 5433.04
6770.8 5432.96
6770.82 5432.66
6770.82 5432.66
6770.82 5432.51
6770.82 5432.2
6770.82 5432.2
6770.81 5431.9
6770.84 5431.75
6770.84 5431.75
6770.91 5431.54
6770.93 5431.39
6770.94 5431.32
6770.92 5431.02
6770.89 5430.88
6770.86 5430.73
6770.84 5430.59
6770.84 5430.44
6770.85 5430.22
6770.87 5430.15
6770.92 5430.01
6770.92 5430.01
6771.04 5429.76
6771.04 5429.76
6771.08 5429.62
6771.08 5429.34
6771.06 5429.19
6771.06 5429.19
6771.06 5429.05
6771.05 5428.97
6771.05 5428.6
6771.04 5428.46
6771.04 5428.46
6771.03 5428.31
6771 5428.01
6770.98 5427.87
6770.98 5427.87
6770.99 5427.57
6770.99 5427.57
6770.99 5427.42
6770.98 5427.12
6770.98 5427.12
6770.92 5426.75
6770.91 5426.67
6770.9 5426.52
6770.89 5426.37
6770.89 5426.14
6770.89 5426.14
6770.9 5426.06
6770.9 5425.69
6770.9 5425.61
6770.9 5425.46
6770.9 5425.46
6770.9 5425.31
6770.9 5425.08
6770.91 5424.85
6770.91 5424.69
6770.91 5424.54
6770.91 5424.54
6770.91 5424.38
6770.91 5424.07
6770.91 5423.99
6770.91 5423.99
6770.93 5423.59
6770.93 5423.44
6770.93 5423.28
6770.93 5423.12
6770.93 5422.96
6770.93 5422.8
6770.93 5422.8
6770.93 5422.48
6770.94 5422.32
6770.94 5422.08
6770.93 5422
6770.9 5421.85
6770.9 5421.85
6770.86 5421.54
6770.88 5421.39
6770.88 5421.39
6770.94 5421
6770.94 5421
6770.95 5420.93
6770.98 5420.62
6770.98 5420.62
6770.98 5420.39
6770.98 5420.31
6770.97 5420.16
6770.98 5419.84
6770.98 5419.69
6770.98 5419.69
6770.99 5419.45
6770.98 5419.29
6770.98 5418.98
6770.98 5418.98
6770.99 5418.74
6770.99 5418.74
6771.02 5418.42
6771.02 5418.42
6771.02 5418.11
6771.02 5418.11
6770.98 5417.8
6770.97 5417.64
6770.97 5417.64
6770.96 5417.48
6770.97 5417.32
6771.02 5417.02
6771.02 5417.02
6771.09 5416.73
6771.09 5416.73
6771.08 5416.35
6771.07 5416.28
6771.07 5416.05
6771.07 5416.05
6771.07 5415.81
6771.08 5415.74
6771.08 5415.74
6771.08 5415.35
6771.07 5415.19
6771.06 5415.04
6771.06 5415.04
6771.04 5414.8
6771.04 5414.8
6771.03 5414.42
6771.03 5414.42
6771.03 5414.34
6771.03 5414.1
6771.02 5413.79
6771.01 5413.63
6771.01 5413.63
6771.01 5413.23
6771.01 5413.16
6771.01 5413.16
6771 5412.92
6770.97 5412.77
6770.92 5412.55
6770.91 5412.4
6770.91 5412.4
6770.92 5412.24
6770.94 5411.94
6770.94 5411.94
6770.95 5411.7
6770.95 5411.63
6770.94 5411.47
6770.95 5411.16
6770.97 5411.01
6770.97 5411.01
6771 5410.86
6771.08 5410.56
6771.09 5410.34
6771.08 5410.26
6771.06 5410.04
6771.04 5409.96
6771.04 5409.96
6771.03 5409.66
6771.04 5409.5
6771.04 5409.35
6771.04 5409.35
6771.06 5409.04
6771.06 5409.04
6771.03 5408.74
6771.03 5408.58
6771.03 5408.43
6771.03 5408.43
6771.09 5408.14
6771.11 5407.99
6771.11 5407.99
6771.12 5407.69
6771.12 5407.69
6771.11 5407.38
6771.12 5407.23
6771.12 5407.23
6771.12 5406.92
6771.12 5406.92
6771.12 5406.61
6771.12 5406.45
6771.12 5406.45
6771.12 5406.14
6771.12 5406.14
6771.11 5405.82
6771.11 5405.59
6771.11 5405.59
6771.11 5405.35
6771.11 5405.35
6771.11 5404.95
6771.1 5404.87
6771.1 5404.87
6771.1 5404.71
6771.09 5404.31
6771.09 5404.23
6771.07 5404.08
6771.03 5403.93
6770.97 5403.79
6770.97 5403.79
6770.94 5403.49
6770.94 5403.49
6770.96 5403.26
6770.98 5403.03
6770.99 5402.87
6770.99 5402.87
6770.99 5402.79
6770.99 5402.64
6770.99 5402.4
6771 5402.24
6771.04 5401.94
6771.09 5401.79
6771.13 5401.65
6771.14 5401.49
6771.14 5401.34
6771.13 5401.19
6771.13 5401.19
6771.12 5400.88
6771.12 5400.88
6771.13 5400.72
6771.13 5400.57
6771.13 5400.25
6771.11 5400.1
6771.08 5399.96
6771.03 5399.82
6770.99 5399.6
6770.99 5399.6
6771.01 5399.37
6771.01 5399.37
6771.04 5399.07
6771.04 5398.92
6771.04 5398.76
6771.05 5398.61
6771.05 5398.61
6771.06 5398.3
6771.06 5398.3
6771.07 5397.99
6771.09 5397.84
6771.09 5397.84
6771.12 5397.53
6771.12 5397.37
6771.13 5397.21
6771.13 5397.06
6771.13 5397.06
6771.13 5396.74
6771.14 5396.58
6771.14 5396.58
6771.17 5396.19
6771.18 5396.11
6771.18 5396.11
6771.21 5395.96
6771.21 5395.57
6771.21 5395.57
6771.21 5395.34
6771.21 5395.34
6771.21 5395.1
6771.22 5394.87
6771.22 5394.87
6771.22 5394.55
6771.22 5394.39
6771.21 5394.24
6771.21 5394.24
6771.21 5394.08
6771.2 5393.92
6771.2 5393.52
6771.2 5393.52
6771.21 5393.28
6771.21 5393.28
6771.21 5393.12
6771.19 5392.8
6771.19 5392.64
6771.19 5392.48
6771.19 5392.32
6771.19 5392.16
6771.19 5392.16
6771.17 5392
6771.14 5391.69
6771.14 5391.53
6771.15 5391.38
6771.16 5391.22
6771.16 5391.22
6771.17 5390.9
6771.17 5390.9
6771.17 5390.74
6771.17 5390.58
6771.18 5390.34
6771.18 5390.26
6771.19 5390.1
6771.19 5390.02
6771.2 5389.78
6771.19 5389.62
6771.19 5389.3
6771.2 5389.14
6771.21 5388.98
6771.21 5388.98
6771.22 5388.66
6771.22 5388.5
6771.22 5388.34
6771.22 5388.34
6771.23 5388.18
6771.3 5387.87
6771.3 5387.87
6771.31 5387.72
6771.31 5387.56
6771.31 5387.41
6771.3 5387.25
6771.3 5387.09
6771.31 5386.69
6771.31 5386.62
6771.31 5386.54
6771.3 5386.3
6771.3 5386.3
6771.3 5386.14
6771.3 5385.98
6771.29 5385.82
6771.29 5385.66
6771.29 5385.34
6771.29 5385.18
6771.28 5385.01
6771.28 5385.01
6771.27 5384.85
6771.25 5384.45
6771.25 5384.45
6771.26 5384.21
6771.28 5384.06
6771.28 5384.06
6771.31 5383.9
6771.31 5383.59
6771.3 5383.44
6771.3 5383.44
6771.29 5383.05
6771.29 5383.05
6771.3 5382.97
6771.3 5382.81
6771.3 5382.66
6771.3 5382.34
6771.3 5382.18
6771.29 5382.02
6771.29 5382.02
6771.28 5381.71
6771.28 5381.71
6771.28 5381.55
6771.28 5381.39
6771.29 5381.23
6771.29 5380.92
6771.29 5380.92
6771.25 5380.61
6771.25 5380.61
6771.24 5380.45
6771.3 5380.08
6771.3 5380.08
6771.4 5379.9
6771.48 5379.79
6771.48 5379.79
6771.55 5379.65
6771.58 5379.36
6771.58 5379.36
6771.49 5379.03
6771.47 5378.97
6771.47 5378.97
6771.4 5378.69
6771.41 5378.48
6771.41 5378.48
6771.42 5378.4
6771.43 5378.11
6771.43 5378.11
6771.43 5377.97
6771.43 5377.82
6771.41 5377.6
6771.41 5377.52
6771.4 5377.37
6771.4 5377.22
6771.4 5377
6771.39 5376.77
6771.39 5376.77
6771.37 5376.47
6771.37 5376.47
6771.36 5376.24
6771.36 5376.16
6771.36 5375.93
6771.35 5375.78
6771.33 5375.62
6771.32 5375.39
6771.32 5375.39
6771.32 5375.24
6771.36 5374.94
6771.41 5374.8
6771.43 5374.65
6771.43 5374.65
6771.42 5374.36
6771.42 5374.21
6771.42 5374.05
6771.42 5373.9
6771.42 5373.9
6771.43 5373.75
6771.42 5373.44
6771.42 5373.29
6771.42 5373.29
6771.4 5372.98
6771.4 5372.98
6771.37 5372.83
6771.37 5372.68
6771.37 5372.29
6771.37 5372.29
6771.38 5372.06
6771.38 5372.06
6771.37 5371.75
6771.37 5371.75
6771.37 5371.59
6771.37 5371.44
6771.37 5371.28
6771.36 5371.12
6771.33 5370.97
6771.28 5370.75
6771.27 5370.68
6771.28 5370.45
6771.29 5370.37
6771.31 5370.07
6771.31 5370.07
6771.31 5369.76
6771.31 5369.6
6771.31 5369.6
6771.31 5369.44
6771.34 5369.13
6771.34 5369.13
6771.36 5368.82
6771.34 5368.67
6771.34 5368.67
6771.31 5368.44
6771.31 5368.37
6771.33 5368.22
6771.37 5367.91
6771.37 5367.91
6771.39 5367.53
6771.4 5367.37
6771.4 5367.29
6771.4 5367.29
6771.45 5366.99
6771.45 5366.99
6771.48 5366.84
6771.46 5366.54
6771.43 5366.4
6771.42 5366.25
6771.42 5366.25
6771.45 5366.03
6771.45 5366.03
6771.51 5365.67
6771.51 5365.44
6771.51 5365.44
6771.5 5365.22
6771.5 5365.22
6771.49 5365.07
6771.49 5364.77
6771.49 5364.77
6771.5 5364.46
6771.5 5364.46
6771.5 5364.31
6771.49 5364.15
6771.48 5364
6771.45 5363.77
6771.45 5363.62
6771.45 5363.55
6771.46 5363.24
6771.46 5363.24
6771.46 5363.01
6771.46 5362.85
6771.45 5362.78
6771.43 5362.62
6771.43 5362.32
6771.46 5362.09
6771.5 5361.95
6771.53 5361.89
6771.58 5361.75
6771.58 5361.75
6771.61 5361.52
6771.6 5361.3
6771.6 5361.3
6771.6 5361.15
6771.59 5361
6771.59 5360.85
6771.59 5360.69
6771.57 5360.31
6771.57 5360.23
6771.55 5360
6771.55 5360
6771.54 5359.93
6771.52 5359.54
6771.52 5359.38
6771.52 5359.38
6771.52 5359.07
6771.52 5359.07
6771.51 5358.83
6771.5 5358.68
6771.5 5358.68
6771.49 5358.44
6771.49 5358.44
6771.41 5357.99
6771.41 5357.99
6771.33 5357.77
6771.32 5357.62
6771.32 5357.47
6771.33 5357.32
6771.33 5357.32
6771.34 5357.17
6771.36 5356.86
6771.36 5356.86
6771.36 5356.78
6771.36 5356.55
6771.37 5356.39
6771.37 5356.24
6771.41 5355.93
6771.41 5355.93
6771.51 5355.65
6771.51 5355.65
6771.55 5355.27
6771.55 5355.2
6771.55 5355.2
6771.53 5355.05
6771.51 5354.9
6771.48 5354.6
6771.48 5354.6
6771.51 5354.22
6771.52 5354.15
6771.57 5354.01
6771.66 5353.81
6771.67 5353.74
6771.67 5353.74
6771.68 5353.59
6771.65 5353.31
6771.65 5353.31
6771.65 5352.94
6771.66 5352.87
6771.66 5352.87
6771.71 5352.58
6771.71 5352.44
6771.71 5352.44
6771.7 5352.21
6771.69 5351.99
6771.69 5351.84
6771.69 5351.69
6771.69 5351.69
6771.68 5351.39
6771.68 5351.24
6771.68 5351.24
6771.67 5351.09
6771.64 5350.78
6771.64 5350.71
6771.64 5350.71
6771.63 5350.48
6771.63 5350.32
6771.61 5349.93
6771.6 5349.86
6771.6 5349.86
6771.56 5349.71
6771.52 5349.56
6771.5 5349.41
6771.51 5349.19
6771.52 5349.12
6771.63 5348.86
6771.63 5348.86
6771.72 5348.59
6771.72 5348.59
6771.71 5348.3
6771.7 5348.16
6771.7 5348.16
6771.69 5348.01
6771.69 5347.72
6771.69 5347.57
6771.69 5347.42
6771.69 5347.42
6771.68 5347.27
6771.67 5347.12
6771.66 5346.82
6771.66 5346.67
6771.66 5346.67
6771.66 5346.59
6771.65 5346.28
6771.65 5346.21
6771.63 5345.98
6771.62 5345.82
6771.61 5345.75
6771.57 5345.52
6771.57 5345.21
6771.57 5345.14
6771.61 5345
6771.67 5344.87
6771.67 5344.87
6771.72 5344.73
6771.74 5344.51
6771.72 5344.21
6771.72 5344.14
6771.71 5343.99
6771.71 5343.84
6771.71 5343.84
6771.71 5343.69
6771.71 5343.53
6771.71 5343.38
6771.7 5343.23
6771.68 5342.92
6771.67 5342.77
6771.67 5342.77
6771.66 5342.46
6771.66 5342.3
6771.66 5342.15
6771.66 5342.15
6771.65 5341.91
6771.63 5341.68
6771.63 5341.6
6771.63 5341.6
6771.62 5341.37
6771.64 5341.06
6771.64 5341.06
6771.67 5340.76
6771.67 5340.76
6771.66 5340.6
6771.62 5340.3
6771.62 5340.3
6771.62 5340.15
6771.65 5339.93
6771.67 5339.86
6771.71 5339.49
6771.71 5339.41
6771.7 5339.26
6771.7 5339.26
6771.69 5339.11
6771.69 5338.96
6771.69 5338.8
6771.69 5338.5
6771.69 5338.5
6771.69 5338.19
6771.69 5338.11
6771.67 5337.8
6771.67 5337.8
6771.67 5337.8
6771.69 5337.57
6771.7 5337.27
6771.7 5337.11
6771.7 5337.11
6771.65 5336.81
6771.65 5336.81
6771.61 5336.67
6771.56 5336.3
6771.56 5336.3
6771.58 5336.23
6771.68 5335.98
6771.75 5335.86
6771.75 5335.86
6771.83 5335.59
6771.83 5335.59
6771.82 5335.3
6771.82 5335.3
6771.82 5335.16
6771.81 5334.79
6771.81 5334.79
6771.81 5334.79
6771.81 5334.42
6771.8 5334.2
6771.79 5334.12
6771.79 5334.12
6771.76 5333.83
6771.75 5333.68
6771.75 5333.68
6771.75 5333.38
6771.75 5333.38
6771.75 5333.23
6771.74 5333.07
6771.73 5332.92
6771.72 5332.77
6771.71 5332.39
6771.7 5332.31
6771.68 5332.16
6771.65 5332.01
6771.65 5332.01
6771.58 5331.72
6771.58 5331.72
6771.58 5331.57
6771.58 5331.42
6771.61 5331.12
6771.61 5330.97
6771.61 5330.81
6771.61 5330.81
6771.61 5330.66
6771.62 5330.5
6771.63 5330.12
6771.64 5330.04
6771.66 5329.89
6771.67 5329.81
6771.67 5329.81
6771.67 5329.43
6771.68 5329.27
6771.68 5329.27
6771.69 5329.12
6771.7 5328.96
6771.74 5328.66
6771.75 5328.5
6771.76 5328.34
6771.76 5328.34
6771.75 5328.19
6771.7 5327.97
6771.62 5327.69
6771.62 5327.69
6771.62 5327.61
6771.63 5327.47
6771.67 5327.33
6771.71 5327.04
6771.69 5326.9
6771.66 5326.76
6771.66 5326.76
6771.61 5326.63
6771.59 5326.48
6771.61 5326.13
6771.61 5326.13
6771.64 5325.91
6771.65 5325.76
6771.65 5325.76
6771.65 5325.39
6771.65 5325.32
6771.66 5325.17
6771.68 5325.02
6771.68 5325.02
6771.7 5324.87
6771.72 5324.72
6771.73 5324.57
6771.74 5324.27
6771.74 5324.11
6771.75 5323.96
6771.75 5323.96
6771.77 5323.65
6771.77 5323.65
6771.79 5323.34
6771.79 5323.34
6771.75 5322.97
6771.73 5322.9
6771.7 5322.75
6771.7 5322.75
6771.7 5322.6
6771.72 5322.29
6771.73 5322.14
6771.73 5322.14
6771.74 5321.83
6771.74 5321.68
6771.74 5321.68
6771.74 5321.53
6771.76 5321.14
6771.76 5321.14
6771.76 5321.06
6771.75 5320.67
6771.76 5320.59
6771.76 5320.44
6771.76 5320.44
6771.78 5320.12
6771.78 5320.12
6771.8 5319.81
6771.8 5319.81
6771.81 5319.42
6771.81 5319.42
6771.81 5319.18
6771.79 5319.02
6771.76 5318.79
6771.76 5318.79
6771.76 5318.56
6771.76 5318.56
6771.77 5318.41
6771.78 5318.33
6771.79 5318.1
6771.79 5317.78
6771.79 5317.78
6771.79 5317.62
6771.81 5317.31
6771.81 5317.31
6771.82 5317
6771.82 5317
6771.79 5316.61
6771.79 5316.61
6771.79 5316.61
6771.81 5316.22
6771.82 5316.06
6771.83 5315.91
6771.83 5315.91
6771.81 5315.52
6771.81 5315.44
6771.82 5315.29
6771.82 5315.29
6771.92 5315.02
6771.97 5314.88
6771.97 5314.88
6772 5314.74
6772 5314.59
6771.98 5314.29
6771.98 5314.29
6771.97 5313.99
6771.97 5313.99
6771.98 5313.69
6771.98 5313.54
6771.98 5313.54
6771.97 5313.39
6771.97 5313.23
6771.95 5312.85
6771.95 5312.85
6771.93 5312.62
6771.93 5312.46
6771.93 5312.46
6771.93 5312.31
6771.93 5312.15
6771.92 5312
6771.88 5311.69
6771.88 5311.69
6771.85 5311.54
6771.84 5311.46
6771.84 5311.23
6771.91 5310.95
6771.91 5310.95
6772.01 5310.77
6772.08 5310.56
6772.08 5310.56
6772.09 5310.41
6772.06 5310.13
6772.05 5309.98
6772.04 5309.83
6772.04 5309.83
6772.05 5309.68
6772.05 5309.53
6772.05 5309.31
6772.03 5309.08
6772 5308.94
6772 5308.94
6771.97 5308.71
6771.96 5308.64
6771.96 5308.49
6771.96 5308.19
6771.96 5308.19
6771.94 5307.88
6771.92 5307.73
6771.92 5307.73
6771.9 5307.35
6771.9 5307.27
6771.92 5307.05
6771.92 5307.05
6771.93 5306.98
6771.99 5306.68
6771.99 5306.68
6772 5306.53
6771.99 5306.38
6771.98 5306.23
6771.97 5305.93
6771.97 5305.93
6771.97 5305.77
6771.98 5305.62
6771.98 5305.23
6771.98 5305.23
6771.98 5305.16
6771.95 5304.93
6771.93 5304.7
6771.93 5304.7
6771.93 5304.55
6771.94 5304.31
6771.94 5304.24
6771.95 5304
6771.94 5303.77
6771.93 5303.69
6771.93 5303.69
6771.93 5303.38
6771.95 5303.15
6771.98 5303
6771.98 5303
6772.03 5302.86
6772.05 5302.71
6772.06 5302.56
6772.05 5302.41
6772.05 5302.33
6772.04 5302.1
6772.03 5301.79
6772.03 5301.79
6772.04 5301.48
6772.04 5301.48
6772.03 5301.33
6772.03 5301.17
6772.01 5300.86
6772.01 5300.86
6772 5300.7
6772.01 5300.39
6772.01 5300.39
6772.01 5300.23
6772.01 5300.07
6771.99 5299.84
6771.97 5299.68
6771.96 5299.53
6771.96 5299.45
6771.97 5299.29
6772.03 5299
6772.09 5298.86
6772.09 5298.86
6772.13 5298.56
6772.11 5298.42
6772.09 5298.27
6772.07 5298.12
6772.04 5297.97
6772.03 5297.82
6772.03 5297.67
6772.03 5297.67
6772.03 5297.52
6772.05 5297.22
6772.05 5297.07
6772.05 5296.91
6772.04 5296.76
6772.04 5296.6
6772.04 5296.6
6772.04 5296.29
6772.04 5296.29
6772.04 5295.98
6772.04 5295.98
6772.04 5295.82
6772.02 5295.44
6772.02 5295.44
6772.02 5295.36
6772.03 5295.04
6772.03 5294.96
6772.03 5294.96
6772.03 5294.81
6772.03 5294.41
6772.03 5294.25
6772.01 5294.1
6772.01 5294.1
6771.99 5294.02
6771.89 5293.74
6771.87 5293.58
6771.89 5293.36
6771.89 5293.36
6771.91 5293.21
6771.93 5293.06
6771.94 5292.9
6771.94 5292.75
6771.94 5292.6
6771.94 5292.29
6771.95 5292.13
6771.95 5292.13
6771.98 5291.98
6772.02 5291.84
6772.05 5291.69
6772.07 5291.38
6772.06 5291.23
6772.04 5291
6772.04 5291
6772.04 5291
6772.04 5290.77
6772.05 5290.54
6772.06 5290.3
6772.07 5290.15
6772.06 5289.92
6772.06 5289.92
6772.01 5289.71
6772.01 5289.71
6771.97 5289.56
6771.97 5289.19
6771.98 5289.11
6771.98 5289.11
6772 5288.96
6772.01 5288.81
6772.02 5288.66
6772.02 5288.43
6772 5288.2
6772 5288.2
6772.02 5287.83
6772.02 5287.83
6772.05 5287.6
6772.05 5287.6
6772.06 5287.45
6772.07 5287.15
6772.07 5287.15
6772.07 5286.99
6772.08 5286.69
6772.1 5286.53
6772.1 5286.53
6772.11 5286.23
6772.11 5286.23
6772.05 5285.93
6772.02 5285.78
6772.02 5285.78
6772.06 5285.42
6772.06 5285.42
6772.07 5285.35
6772.08 5285.12
6772.06 5284.83
6772.06 5284.83
6772.07 5284.53
6772.07 5284.53
6772.08 5284.31
6772.08 5284.31
6772.08 5284.23
6772.09 5284.01
6772.09 5283.78
6772.09 5283.55
6772.1 5283.47
6772.1 5283.24
6772.1 5283.24
6772.11 5282.85
6772.11 5282.7
6772.12 5282.62
6772.12 5282.62
6772.12 5282.46
6772.12 5282.23
6772.13 5282.15
6772.13 5281.83
6772.13 5281.83
6772.13 5281.52
6772.13 5281.36
6772.13 5281.28
6772.14 5281.04
6772.14 5281.04
6772.09 5280.75
6772.06 5280.59
6772.06 5280.59
6772.07 5280.29
6772.07 5280.29
6772.1 5279.99
6772.1 5279.99
6772.11 5279.68
6772.11 5279.68
6772.11 5279.52
6772.11 5279.29
6772.12 5279.06
6772.12 5279.06
6772.14 5278.74
6772.14 5278.51
6772.14 5278.51
6772.14 5278.27
6772.15 5278.12
6772.15 5277.96
6772.15 5277.8
6772.15 5277.64
6772.14 5277.49
6772.14 5277.33
6772.14 5277.33
6772.2 5277.03
6772.2 5277.03
6772.25 5276.89
6772.31 5276.75
6772.33 5276.6
6772.33 5276.45
6772.31 5276.15
6772.31 5276.15
6772.3 5276
6772.29 5275.77
6772.3 5275.69
6772.3 5275.54
6772.3 5275.38
6772.28 5275.16
6772.25 5274.93
6772.25 5274.93
6772.19 5274.63
6772.19 5274.63
6772.18 5274.33
6772.18 5274.33
6772.19 5274.18
6772.2 5273.87
6772.2 5273.72
6772.2 5273.72
6772.2 5273.41
6772.2 5273.25
6772.19 5273.1
6772.17 5272.94
6772.17 5272.94
6772.15 5272.79
6772.17 5272.49
6772.17 5272.49
6772.2 5272.18
6772.2 5272.18
6772.17 5271.88
6772.17 5271.88
6772.16 5271.72
6772.14 5271.42
6772.14 5271.27
6772.15 5271.11
6772.16 5270.96
6772.16 5270.96
6772.17 5270.65
6772.17 5270.65
6772.18 5270.26
6772.18 5270.18
6772.18 5270.18
6772.2 5269.86
6772.21 5269.71
6772.21 5269.71
6772.22 5269.47
6772.22 5269.23
6772.22 5269.23
6772.23 5269
6772.23 5268.76
6772.24 5268.6
6772.24 5268.6
6772.25 5268.2
6772.25 5268.2
6772.25 5268.12
6772.17 5267.74
6772.15 5267.67
6772.15 5267.67
6772.16 5267.36
6772.18 5267.21
6772.18 5267.21
6772.19 5267.05
6772.19 5266.9
6772.19 5266.66
6772.2 5266.59
6772.2 5266.43
6772.21 5266.11
6772.21 5266.11
6772.23 5265.96
6772.24 5265.8
6772.24 5265.65
6772.24 5265.42
6772.25 5265.18
6772.26 5265.02
6772.27 5264.87
6772.27 5264.71
6772.28 5264.55
6772.28 5264.39
6772.28 5264.39
6772.27 5264.08
6772.24 5263.93
6772.21 5263.78
6772.21 5263.62
6772.22 5263.47
6772.23 5263.31
6772.24 5263.16
6772.24 5263.16
6772.25 5262.77
6772.25 5262.77
6772.25 5262.53
6772.25 5262.53
6772.26 5262.21
6772.27 5262.06
6772.27 5262.06
6772.27 5261.82
6772.27 5261.74
6772.27 5261.58
6772.27 5261.34
6772.28 5261.26
6772.29 5260.94
6772.29 5260.7
6772.28 5260.63
6772.28 5260.47
6772.28 5260.47
6772.34 5260.09
6772.34 5260.09
6772.43 5259.89
6772.43 5259.89
6772.47 5259.74
6772.49 5259.59
6772.48 5259.29
6772.48 5259.29
6772.47 5259.14
6772.46 5258.99
6772.46 5258.68
6772.46 5258.68
6772.45 5258.29
6772.45 5258.22
6772.45 5258.22
6772.44 5258.06
6772.4 5257.75
6772.4 5257.75
6772.39 5257.52
6772.39 5257.44
6772.39 5257.29
6772.38 5256.9
6772.38 5256.9
6772.37 5256.82
6772.29 5256.45
6772.27 5256.29
6772.27 5256.22
6772.29 5256.07
6772.29 5256.07
6772.33 5255.94
6772.4 5255.81
6772.44 5255.66
6772.44 5255.66
6772.44 5255.66
6772.44 5255.66
6772.44 5255.66
6772.44 5255.66
6772.44 5255.66
6772.44 5255.66
6772.44 5255.66
6772.44 5255.65
6772.44 5255.65
6772.44 5255.65
6772.44 5255.65
6772.44 5255.65
6772.44 5255.65
6772.44 5255.65
6772.44 5255.65
6772.44 5255.65
6772.44 5255.65
6772.44 5255.65
6772.44 5255.65
6772.44 5255.65
6772.44 5255.65
6772.44 5255.65
6772.44 5255.65
6772.44 5255.65
6772.44 5255.65
6772.44 5255.65
6772.44 5255.65
6772.44 5255.65
6772.44 5255.66
6772.44 5255.66
6772.44 5255.65
6772.44 5255.65
6772.44 5255.65
6772.44 5255.66
6772.44 5255.66
6772.44 5255.65
6772.44 5255.65
6772.44 5255.65
6772.44 5255.65
6772.44 5255.65
6772.44 5255.65
6772.44 5255.65
6772.44 5255.65
6772.44 5255.65
6772.44 5255.65
6772.44 5255.65
6772.44 5255.65
6772.44 5255.65
6772.44 5255.65
6772.44 5255.65
6772.44 5255.65
6772.44 5255.65
6772.44 5255.65
6772.44 5255.65
6772.44 5255.65
6772.44 5255.65
6772.44 5255.65
6772.44 5255.65
6772.44 5255.65
6772.44 5255.65
6772.44 5255.65
6772.44 5255.65
6772.44 5255.65
6772.44 5255.65
6772.44 5255.65
6772.44 5255.65
6772.44 5255.65
6772.44 5255.65
6772.44 5255.65
6772.44 5255.65
6772.44 5255.65
6772.44 5255.65
6772.44 5255.65
6772.44 5255.65
6772.44 5255.65
6772.44 5255.65
6772.44 5255.65
6772.44 5255.65
6772.44 5255.65
6772.44 5255.65
6772.44 5255.65
6772.44 5255.65
6772.44 5255.65
6772.44 5255.65
6772.44 5255.65
6772.44 5255.65
6772.44 5255.65
6772.44 5255.65
6772.44 5255.65
6772.44 5255.65
6772.45 5255.65
6772.45 5255.65
6772.44 5255.65
6772.44 5255.65
6772.44 5255.65
6772.44 5255.65
6772.44 5255.65
6772.44 5255.65
6772.44 5255.65
6772.44 5255.65
6772.44 5255.65
6772.44 5255.65
6772.44 5255.65
6772.45 5255.63
6772.45 5255.61
6772.45 5255.56
6772.45 5255.54
6772.45 5255.54
6772.46 5255.41
6772.46 5255.41
6772.46 5255.38
6772.46 5255.32
6772.46 5255.25
6772.46 5255.18
6772.47 5255.02
6772.47 5254.98
6772.47 5254.86
6772.47 5254.86
6772.47 5254.68
6772.47 5254.58
6772.47 5254.49
6772.47 5254.39
6772.47 5254.39
6772.47 5254.18
6772.47 5254.07
6772.47 5253.96
6772.47 5253.85
6772.47 5253.85
6772.47 5253.73
6772.47 5253.61
6772.46 5253.37
6772.46 5253.25
6772.46 5253.19
6772.44 5253
6772.44 5253
6772.44 5252.87
6772.42 5252.54
6772.42 5252.54
6772.4 5252.34
6772.4 5252.34
6772.32 5252.09
6772.32 5252.09
6772.18 5251.8
6772.17 5251.73
6772.17 5251.73
6772.17 5251.47
6772.19 5251.33
6772.19 5251.2
6772.2 5251.06
6772.2 5251.06
6772.21 5250.78
6772.21 5250.64
6772.21 5250.5
6772.21 5250.5
6772.22 5250.35
6772.25 5250.06
6772.25 5250.06
6772.27 5249.77
6772.27 5249.77
6772.3 5249.48
6772.3 5249.48
6772.33 5249.11
6772.34 5249.03
6772.34 5249.03
6772.35 5248.88
6772.4 5248.59
6772.4 5248.59
6772.44 5248.36
6772.44 5248.06
6772.44 5248.06
6772.42 5247.99
6772.32 5247.73
6772.28 5247.59
6772.28 5247.44
6772.29 5247.3
6772.33 5247.09
6772.33 5247.01
6772.33 5247.01
6772.34 5246.87
6772.34 5246.72
6772.34 5246.5
6772.34 5246.42
6772.36 5246.2
6772.37 5246.13
6772.39 5245.98
6772.39 5245.69
6772.39 5245.69
6772.38 5245.54
6772.38 5245.39
6772.4 5245.09
6772.42 5244.94
6772.44 5244.8
6772.45 5244.65
6772.45 5244.65
6772.46 5244.5
6772.46 5244.34
6772.43 5244.05
6772.38 5243.92
6772.34 5243.77
6772.33 5243.63
6772.33 5243.63
6772.35 5243.48
6772.4 5243.2
6772.4 5243.13
6772.4 5243.13
6772.39 5242.91
6772.3 5242.57
6772.29 5242.5
6772.29 5242.5
6772.33 5242.15
6772.33 5242.15
6772.34 5242.07
6772.36 5241.79
6772.36 5241.79
6772.36 5241.49
6772.37 5241.35
6772.37 5241.35
6772.39 5241.05
6772.4 5240.98
6772.4 5240.98
6772.42 5240.76
6772.44 5240.46
6772.44 5240.46
6772.45 5240.15
6772.45 5240
6772.45 5240
6772.47 5239.69
6772.49 5239.54
6772.49 5239.54
6772.5 5239.16
6772.5 5239.16
6772.47 5238.94
6772.42 5238.8
6772.42 5238.8
6772.4 5238.5
6772.42 5238.28
6772.42 5238.28
6772.43 5238.2
6772.44 5237.9
6772.44 5237.9
6772.45 5237.75
6772.45 5237.59
6772.45 5237.44
6772.46 5237.13
6772.46 5237.13
6772.48 5236.98
6772.5 5236.82
6772.5 5236.67
6772.51 5236.44
6772.51 5236.36
6772.51 5236.05
6772.51 5236.05
6772.51 5235.89
6772.52 5235.58
6772.53 5235.42
6772.53 5235.42
6772.53 5235.26
6772.46 5234.89
6772.46 5234.89
6772.42 5234.59
6772.42 5234.59
6772.43 5234.51
6772.45 5234.36
6772.48 5234.06
6772.5 5233.91
6772.53 5233.76
6772.53 5233.76
6772.65 5233.5
6772.65 5233.5
6772.75 5233.15
6772.75 5233.15
6772.73 5232.86
6772.73 5232.86
6772.73 5232.79
6772.78 5232.51
6772.78 5232.51
6772.88 5232.15
6772.88 5232.15
6772.93 5231.94
6772.96 5231.79
6773 5231.65
6773 5231.65
6773.03 5231.5
6773.07 5231.35
6773.15 5231.06
6773.19 5230.91
6773.23 5230.76
6773.23 5230.76
6773.31 5230.47
6773.31 5230.47
6773.35 5230.32
6773.43 5230.01
6773.48 5229.86
6773.48 5229.86
6773.58 5229.57
6773.58 5229.57
6773.65 5229.44
6773.77 5229.08
6773.78 5228.93
6773.78 5228.93
6773.84 5228.71
6773.84 5228.71
6773.99 5228.48
6774.09 5228.4
6774.09 5228.4
6774.2 5228.33
6774.32 5228.27
6774.56 5228.16
6774.63 5228.13
6774.63 5228.13
6774.83 5228.07
6775.1 5227.98
6775.31 5227.9
6775.38 5227.88
6775.52 5227.84
6775.52 5227.84
6775.81 5227.77
6775.81 5227.77
6775.95 5227.73
6776.1 5227.69
6776.24 5227.66
6776.53 5227.6
6776.75 5227.57
6776.75 5227.57
6776.82 5227.55
6776.97 5227.53
6777.04 5227.52
6777.26 5227.5
6777.55 5227.45
6777.55 5227.45
6777.77 5227.43
6777.84 5227.42
6778.05 5227.39
6778.12 5227.38
6778.26 5227.37
6778.48 5227.35
6778.69 5227.33
6778.75 5227.32
6779.03 5227.29
6779.1 5227.29
6779.1 5227.29
6779.37 5227.27
6779.5 5227.26
6779.64 5227.25
6779.77 5227.25
6779.77 5227.25
6780.04 5227.23
6780.18 5227.22
6780.25 5227.22
6780.25 5227.22
6780.45 5227.21
6780.72 5227.19
6780.72 5227.19
6780.99 5227.17
6780.99 5227.17
6781.26 5227.16
6781.26 5227.16
6781.53 5227.14
6781.67 5227.14
6781.67 5227.14
6781.8 5227.13
6782.07 5227.12
6782.07 5227.12
6782.21 5227.12
6782.34 5227.11
6782.48 5227.11
6782.62 5227.1
6782.75 5227.1
6783.02 5227.09
6783.02 5227.09
6783.16 5227.08
6783.29 5227.07
6783.56 5227.06
6783.7 5227.06
6783.7 5227.06
6783.84 5227.05
6783.98 5227.05
6784.25 5227.04
6784.46 5227.03
6784.46 5227.03
6784.67 5227.02
6784.81 5227.01
6784.81 5227.01
6785.09 5227
6785.09 5227
6785.37 5226.99
6785.37 5226.99
6785.65 5226.98
6785.65 5226.98
6785.94 5226.97
6785.94 5226.97
6786.22 5226.96
6786.36 5226.96
6786.5 5226.95
6786.5 5226.95
6786.79 5226.94
6786.93 5226.94
6787.08 5226.93
6787.08 5226.93
6787.22 5226.93
6787.36 5226.92
6787.58 5226.92
6787.65 5226.91
6787.72 5226.91
6788.01 5226.9
6788.22 5226.89
6788.22 5226.89
6788.37 5226.89
6788.59 5226.88
6788.66 5226.87
6788.95 5226.86
6789.09 5226.86
6789.24 5226.85
6789.38 5226.85
6789.38 5226.85
6789.53 5226.84
6789.82 5226.83
6789.82 5226.83
6789.96 5226.83
6790.25 5226.82
6790.4 5226.81
6790.4 5226.81
6790.69 5226.8
6790.69 5226.8
6790.83 5226.79
6791.12 5226.78
6791.2 5226.78
6791.41 5226.77
6791.41 5226.77
6791.71 5226.76
6791.85 5226.75
6791.85 5226.75
6791.92 5226.73
6791.92 5226.73
6791.91 5226.73
6791.91 5226.74
6791.91 5226.74
6791.91 5226.73
6791.91 5226.73
6791.91 5226.73
6791.91 5226.73
6791.91 5226.73
6791.91 5226.73
6791.91 5226.73
6791.91 5226.73
6791.91 5226.73
6791.91 5226.73
6791.92 5226.73
6791.92 5226.73
6791.92 5226.73
6791.92 5226.73
6791.92 5226.73
6791.92 5226.73
6791.92 5226.73
6791.92 5226.73
6791.92 5226.72
6791.92 5226.72
6791.92 5226.72
6791.92 5226.72
6791.92 5226.72
6791.92 5226.72
6791.92 5226.72
6791.92 5226.72
6791.92 5226.72
6791.92 5226.72
6791.92 5226.72
6791.92 5226.72
6791.92 5226.71
6791.92 5226.71
6791.92 5226.71
6791.92 5226.71
6791.92 5226.71
6791.92 5226.71
6791.92 5226.71
6791.92 5226.71
6791.92 5226.71
6791.92 5226.71
6791.92 5226.71
6791.92 5226.71
6791.92 5226.71
6791.92 5226.71
6791.92 5226.71
6791.92 5226.71
6791.92 5226.7
6791.92 5226.7
6791.92 5226.7
6791.92 5226.7
6791.92 5226.7
6791.92 5226.7
6791.92 5226.7
6791.92 5226.7
6791.92 5226.7
6791.92 5226.7
6791.92 5226.7
6791.92 5226.7
6791.92 5226.7
6791.92 5226.7
6791.92 5226.7
6791.92 5226.69
6791.92 5226.69
6791.92 5226.69
6791.92 5226.69
6791.92 5226.69
6791.92 5226.69
6791.92 5226.69
6791.92 5226.69
6791.92 5226.69
6791.92 5226.69
6791.92 5226.69
6791.92 5226.69
6791.92 5226.69
6791.92 5226.69
6791.92 5226.69
6791.92 5226.69
6791.92 5226.68
6791.92 5226.68
6791.92 5226.68
6791.92 5226.68
6791.92 5226.68
6791.93 5226.68
6791.93 5226.68
6791.93 5226.68
6791.93 5226.68
6791.93 5226.68
6791.93 5226.68
6791.93 5226.68
6791.93 5226.68
6791.93 5226.68
6791.93 5226.68
6791.93 5226.68
6791.93 5226.68
6791.93 5226.67
6791.93 5226.67
6791.93 5226.67
6791.93 5226.67
6791.93 5226.67
6791.93 5226.67
6791.93 5226.67
6791.93 5226.67
6791.93 5226.67
6791.93 5226.67
6791.93 5226.67
6791.93 5226.67
6791.93 5226.67
6791.93 5226.67
6791.93 5226.67
6791.93 5226.67
6791.93 5226.66
6791.93 5226.66
6791.93 5226.66
6791.93 5226.66
6791.93 5226.66
6791.93 5226.66
6791.93 5226.66
6791.93 5226.66
6791.93 5226.66
6791.93 5226.66
6791.93 5226.66
6791.93 5226.66
6791.93 5226.66
6791.93 5226.66
6791.93 5226.66
6791.93 5226.66
6791.93 5226.65
6791.93 5226.65
6791.93 5226.65
6791.93 5226.65
6791.93 5226.65
6791.93 5226.65
6791.93 5226.65
6791.93 5226.65
6791.93 5226.65
6791.93 5226.65
6791.93 5226.65
6791.93 5226.65
6791.93 5226.65
6791.93 5226.65
6791.94 5226.64
6791.94 5226.64
6791.94 5226.64
6791.94 5226.64
6791.94 5226.64
6791.94 5226.64
6791.94 5226.64
6791.94 5226.64
6791.94 5226.64
6791.94 5226.64
6791.94 5226.64
6791.94 5226.64
6791.94 5226.64
6791.94 5226.64
6791.94 5226.64
6791.94 5226.64
6791.94 5226.63
6791.94 5226.63
6791.94 5226.63
6791.94 5226.63
6791.94 5226.63
6791.94 5226.63
6791.94 5226.63
6791.94 5226.63
6791.94 5226.63
6791.94 5226.63
6791.94 5226.63
6791.94 5226.63
6791.94 5226.63
6791.94 5226.63
6791.94 5226.63
6791.94 5226.62
6791.94 5226.62
6791.94 5226.62
6791.94 5226.62
6791.94 5226.62
6791.94 5226.62
6791.94 5226.62
6791.94 5226.62
6791.94 5226.62
6791.94 5226.62
6791.94 5226.62
6791.94 5226.62
6791.94 5226.62
6791.94 5226.62
6791.94 5226.62
6791.94 5226.61
6791.94 5226.61
6791.94 5226.61
6791.94 5226.61
6791.94 5226.61
6791.94 5226.61
6791.94 5226.61
6791.94 5226.61
6791.94 5226.61
6791.94 5226.61
6791.94 5226.61
6791.94 5226.61
6791.94 5226.61
6791.94 5226.61
6791.94 5226.6
6791.94 5226.6
6791.95 5226.6
6791.95 5226.6
6791.95 5226.6
6791.95 5226.6
6791.95 5226.6
6791.95 5226.6
6791.95 5226.6
6791.95 5226.6
6791.95 5226.6
6791.95 5226.6
6791.95 5226.6
6791.95 5226.6
6791.95 5226.6
6791.95 5226.6
6791.95 5226.6
6791.95 5226.6
6791.95 5226.6
6791.95 5226.59
6791.95 5226.59
6791.95 5226.59
6791.95 5226.59
6791.95 5226.59
6791.95 5226.59
6791.95 5226.59
6791.95 5226.59
6791.95 5226.59
6791.95 5226.59
6791.95 5226.59
6791.95 5226.59
6791.95 5226.59
6791.95 5226.59
6791.95 5226.59
6791.95 5226.59
6791.95 5226.59
6791.95 5226.58
6791.95 5226.58
6791.95 5226.58
6791.95 5226.58
6791.95 5226.58
6791.95 5226.58
6791.95 5226.58
6791.95 5226.58
6791.95 5226.58
6791.95 5226.58
6791.95 5226.58
6791.95 5226.58
6791.95 5226.58
6791.95 5226.58
6791.95 5226.58
6791.95 5226.57
6791.95 5226.57
6791.95 5226.57
6791.95 5226.57
6791.95 5226.57
6791.95 5226.57
6791.95 5226.57
6791.95 5226.57
6791.96 5226.57
6791.96 5226.57
6791.96 5226.57
6791.96 5226.57
6791.96 5226.57
6791.96 5226.57
6791.96 5226.57
6791.96 5226.57
6791.96 5226.57
6791.96 5226.56
6791.96 5226.56
6791.96 5226.56
6791.96 5226.56
6791.96 5226.56
6791.96 5226.56
6791.96 5226.56
6791.96 5226.56
6791.96 5226.56
6791.96 5226.56
6791.96 5226.56
6791.96 5226.56
6791.96 5226.56
6791.96 5226.56
6791.96 5226.55
6791.96 5226.55
6791.96 5226.55
6791.96 5226.55
6791.96 5226.55
6791.96 5226.55
6791.96 5226.55
6791.96 5226.55
6791.96 5226.55
6791.96 5226.55
6791.96 5226.55
6791.96 5226.55
6791.96 5226.55
6791.96 5226.55
6791.96 5226.55
6791.96 5226.55
6791.96 5226.55
6791.96 5226.55
6791.96 5226.54
6791.96 5226.54
6791.96 5226.54
6791.96 5226.54
6791.96 5226.54
6791.96 5226.54
6791.96 5226.54
6791.96 5226.54
6791.96 5226.54
6791.96 5226.54
6791.96 5226.54
6791.96 5226.54
6791.96 5226.54
6791.96 5226.54
6791.96 5226.54
6791.97 5226.53
6791.97 5226.53
6791.97 5226.53
6791.97 5226.53
6791.96 5226.53
6791.97 5226.53
6791.97 5226.53
6791.97 5226.53
6791.97 5226.53
6791.97 5226.53
6791.97 5226.53
6791.97 5226.53
6791.97 5226.53
6791.97 5226.53
6791.97 5226.53
6791.97 5226.53
6791.97 5226.53
6791.97 5226.53
6791.97 5226.52
6791.97 5226.52
6791.97 5226.52
6791.97 5226.52
6791.97 5226.52
6791.97 5226.52
6791.97 5226.52
6791.97 5226.52
6791.97 5226.52
6791.97 5226.52
6791.97 5226.52
6791.97 5226.52
6791.97 5226.52
6791.97 5226.52
6791.97 5226.52
6791.97 5226.51
6791.97 5226.51
6791.97 5226.51
6791.97 5226.51
6791.97 5226.51
6791.97 5226.51
6791.97 5226.51
6791.97 5226.51
6791.97 5226.51
6791.97 5226.51
6791.97 5226.51
6791.97 5226.51
6791.97 5226.51
6791.97 5226.51
6791.97 5226.51
6791.97 5226.51
6791.97 5226.5
6791.97 5226.5
6791.98 5226.5
6791.98 5226.5
6791.98 5226.5
6791.98 5226.5
6791.98 5226.5
6791.98 5226.5
6791.98 5226.5
6791.98 5226.5
6791.98 5226.5
6791.98 5226.5
6791.98 5226.5
6791.98 5226.5
6791.98 5226.5
6791.98 5226.5
6791.98 5226.5
6791.98 5226.5
6791.98 5226.5
6791.98 5226.49
6791.98 5226.49
6791.98 5226.49
6791.98 5226.49
6791.98 5226.49
6791.98 5226.49
6791.98 5226.49
6791.98 5226.49
6791.98 5226.49
6791.98 5226.49
6791.98 5226.49
6791.98 5226.49
6791.98 5226.49
6791.98 5226.49
6791.98 5226.49
6791.98 5226.48
6791.98 5226.48
6791.98 5226.48
6791.98 5226.48
6791.98 5226.48
6791.98 5226.48
6791.98 5226.48
6791.98 5226.48
6791.98 5226.48
6791.98 5226.48
6791.98 5226.48
6791.98 5226.48
6791.98 5226.48
6791.98 5226.48
6791.98 5226.48
6791.98 5226.48
6791.98 5226.48
6791.98 5226.48
6791.98 5226.48
6791.98 5226.47
6791.99 5226.47
6791.99 5226.47
6791.99 5226.47
6791.99 5226.47
6791.99 5226.47
6791.99 5226.47
6791.99 5226.47
6791.99 5226.47
6791.99 5226.47
6791.99 5226.47
6791.99 5226.47
6791.99 5226.47
6791.99 5226.47
6791.99 5226.47
6791.99 5226.47
6791.99 5226.46
6791.99 5226.46
6791.99 5226.46
6791.99 5226.46
6791.99 5226.46
6791.99 5226.46
6791.99 5226.46
6791.99 5226.46
6791.99 5226.46
6791.99 5226.46
6791.99 5226.46
6791.99 5226.46
6791.99 5226.46
6791.99 5226.46
6791.99 5226.46
6791.99 5226.45
6791.99 5226.45
6791.99 5226.45
6791.99 5226.45
6791.99 5226.45
6791.99 5226.45
6791.99 5226.45
6791.99 5226.45
6791.99 5226.45
6791.99 5226.45
6791.99 5226.45
6791.99 5226.45
6791.99 5226.45
6791.99 5226.45
6791.99 5226.45
6791.99 5226.45
6791.99 5226.45
6791.99 5226.44
6791.99 5226.44
6792 5226.44
6792 5226.44
6792 5226.44
6791.99 5226.44
6792 5226.44
6792 5226.44
6792 5226.44
6792 5226.44
6792 5226.44
6792 5226.44
6792 5226.44
6792 5226.44
6792 5226.44
6792 5226.43
6792 5226.43
6792 5226.43
6792 5226.43
6792 5226.43
6792 5226.43
6792 5226.43
6792 5226.43
6792 5226.43
6792 5226.43
6792 5226.43
6792 5226.43
6792 5226.43
6792 5226.43
6792 5226.43
6792 5226.43
6792 5226.43
6792 5226.42
6792 5226.42
6792 5226.42
6792 5226.42
6792 5226.42
6792 5226.42
6792 5226.42
6792 5226.42
6792 5226.42
6792 5226.42
6792 5226.42
6792 5226.42
6792 5226.42
6792 5226.42
6792 5226.42
6792.01 5226.42
6792.01 5226.42
6792.01 5226.41
6792.01 5226.41
6792.01 5226.41
6792.01 5226.41
6792.01 5226.41
6792.01 5226.41
6792.01 5226.41
6792.01 5226.41
6792.01 5226.41
6792.01 5226.41
6792.01 5226.41
6792.01 5226.41
6792.01 5226.41
6792.01 5226.41
6792.01 5226.41
6792.01 5226.41
6792.01 5226.41
6792.01 5226.4
6792.01 5226.4
6792.01 5226.4
6792.01 5226.4
6792.01 5226.4
6792.01 5226.4
6792.01 5226.4
6792.01 5226.4
6792.01 5226.4
6792.01 5226.4
6792.01 5226.4
6792.01 5226.4
6792.01 5226.4
6792.01 5226.4
6792.01 5226.4
6792.01 5226.4
6792.01 5226.4
6792.01 5226.4
6792.01 5226.39
6792.01 5226.39
6792.01 5226.39
6792.01 5226.39
6792.01 5226.39
6792.01 5226.39
6792.01 5226.39
6792.01 5226.39
6792.01 5226.39
6792.01 5226.39
6792.02 5226.39
6792.02 5226.39
6792.02 5226.39
6792.02 5226.39
6792.02 5226.39
6792.02 5226.39
6792.02 5226.39
6792.02 5226.39
6792.02 5226.38
6792.02 5226.38
6792.02 5226.38
6792.02 5226.38
6792.02 5226.38
6792.02 5226.38
6792.02 5226.38
6792.02 5226.38
6792.02 5226.38
6792.02 5226.38
6792.02 5226.38
6792.02 5226.38
6792.02 5226.38
6792.02 5226.38
6792.02 5226.38
6792.02 5226.38
6792.02 5226.38
6792.02 5226.38
6792.02 5226.38
6792.02 5226.37
6792.02 5226.37
6792.02 5226.37
6792.02 5226.37
6792.02 5226.37
6792.02 5226.37
6792.02 5226.37
6792.02 5226.37
6792.02 5226.37
6792.02 5226.37
6792.02 5226.37
6792.02 5226.37
6792.02 5226.37
6792.02 5226.37
6792.02 5226.37
6792.02 5226.37
6792.02 5226.37
6792.02 5226.37
6792.02 5226.37
6792.02 5226.37
6792.02 5226.37
6792.02 5226.36
6792.02 5226.36
6792.03 5226.36
6792.03 5226.36
6792.03 5226.36
6792.03 5226.36
6792.03 5226.36
6792.03 5226.36
6792.03 5226.36
6792.03 5226.36
6792.03 5226.36
6792.03 5226.36
6792.03 5226.36
6792.03 5226.35
6792.03 5226.35
6792.03 5226.35
6792.03 5226.35
6792.03 5226.35
6792.03 5226.35
6792.03 5226.35
6792.03 5226.35
6792.03 5226.35
6792.03 5226.35
6792.03 5226.35
6792.03 5226.35
6792.03 5226.35
6792.03 5226.35
6792.03 5226.35
6792.03 5226.35
6792.03 5226.35
6792.03 5226.35
6792.03 5226.34
6792.03 5226.34
6792.03 5226.34
6792.03 5226.34
6792.03 5226.34
6792.03 5226.34
6792.03 5226.34
6792.03 5226.34
6792.03 5226.34
6792.03 5226.34
6792.03 5226.34
6792.03 5226.34
6792.03 5226.34
6792.03 5226.34
6792.03 5226.34
6792.04 5226.34
6792.04 5226.34
6792.03 5226.34
6792.04 5226.33
6792.04 5226.33
6792.04 5226.33
6792.04 5226.33
6792.04 5226.33
6792.04 5226.33
6792.04 5226.33
6792.04 5226.33
6792.04 5226.33
6792.04 5226.33
6792.04 5226.33
6792.04 5226.33
6792.04 5226.33
6792.04 5226.33
6792.04 5226.33
6792.04 5226.33
6792.04 5226.33
6792.04 5226.33
6792.04 5226.33
6792.04 5226.33
6792.04 5226.32
6792.04 5226.32
6792.04 5226.32
6792.04 5226.32
6792.04 5226.32
6792.04 5226.32
6792.04 5226.32
6792.04 5226.32
6792.04 5226.32
6792.04 5226.32
6792.04 5226.32
6792.04 5226.32
6792.04 5226.32
6792.04 5226.32
6792.04 5226.32
6792.04 5226.32
6792.04 5226.32
6792.04 5226.32
6792.04 5226.32
6792.04 5226.32
6792.04 5226.31
6792.04 5226.31
6792.04 5226.31
6792.04 5226.31
6792.05 5226.31
6792.05 5226.31
6792.05 5226.31
6792.05 5226.31
6792.05 5226.31
6792.05 5226.31
6792.05 5226.31
6792.05 5226.31
6792.05 5226.31
6792.05 5226.31
6792.05 5226.31
6792.05 5226.31
6792.05 5226.31
6792.05 5226.31
6792.05 5226.31
6792.05 5226.3
6792.05 5226.3
6792.05 5226.3
6792.05 5226.3
6792.05 5226.3
6792.05 5226.3
6792.05 5226.3
6792.05 5226.3
6792.05 5226.3
6792.05 5226.3
6792.05 5226.3
6792.05 5226.3
6792.05 5226.3
6792.05 5226.3
6792.05 5226.3
6792.05 5226.3
6792.05 5226.3
6792.05 5226.3
6792.05 5226.3
6792.05 5226.29
6792.05 5226.29
6792.05 5226.29
6792.05 5226.29
6792.05 5226.29
6792.05 5226.29
6792.05 5226.29
6792.05 5226.29
6792.05 5226.29
6792.05 5226.29
6792.05 5226.29
6792.05 5226.29
6792.05 5226.29
6792.05 5226.29
6792.05 5226.29
6792.06 5226.29
6792.06 5226.29
6792.06 5226.29
6792.06 5226.29
6792.06 5226.28
6792.06 5226.28
6792.06 5226.28
6792.06 5226.28
6792.06 5226.28
6792.06 5226.28
6792.06 5226.28
6792.06 5226.28
6792.06 5226.28
6792.06 5226.28
6792.06 5226.28
6792.06 5226.28
6792.06 5226.28
6792.06 5226.28
6792.06 5226.28
6792.06 5226.28
6792.06 5226.28
6792.06 5226.28
6792.06 5226.28
6792.06 5226.27
6792.06 5226.27
6792.06 5226.27
6792.06 5226.27
6792.06 5226.27
6792.06 5226.27
6792.06 5226.27
6792.06 5226.27
6792.06 5226.27
6792.06 5226.27
6792.06 5226.27
6792.06 5226.27
6792.06 5226.27
6792.06 5226.27
