Global Path Load
waypoint class initialized
6770.76 -5443.44 -89.5138
6770.76 -5443.44
6770.76 -5443.44
6770.76 -5443.44
6770.76 -5443.44
6770.76 -5443.44
6770.76 -5443.44
6770.76 -5443.44
6770.76 -5443.44
6770.76 -5443.44
6770.76 -5443.44
6770.76 -5443.44
6770.76 -5443.44
6770.76 -5443.44
6770.76 -5443.44
6770.76 -5443.44
6770.76 -5443.44
6770.76 -5443.44
6770.76 -5443.44
6770.77 -5441.14
6770.78 -5441.04
6770.78 -5440.94
6770.78 -5440.54
6770.78 -5440.44
6770.78 -5440.44
6770.78 -5440.01
6770.79 -5439.9
6770.79 -5439.55
6770.79 -5439.32
6770.79 -5439.07
6770.79 -5439.07
6770.8 -5438.7
6770.8 -5438.31
6770.8 -5438.05
6770.8 -5437.77
6770.81 -5437.49
6770.81 -5437.21
6770.81 -5436.92
6770.81 -5436.62
6770.82 -5436.31
6770.82 -5436.16
6770.82 -5435.68
6770.82 -5435.35
6770.83 -5434.68
6770.83 -5434.68
6770.83 -5434.33
6770.84 -5433.8
6770.84 -5433.61
6770.84 -5433.43
6770.85 -5432.87
6770.85 -5432.48
6770.85 -5432.09
6770.86 -5431.29
6770.86 -5431.29
6770.86 -5430.88
6770.87 -5430.67
6770.87 -5430.04
6770.87 -5430.04
6770.88 -5429.4
6770.89 -5428.07
6770.89 -5428.07
6770.89 -5427.84
6770.9 -5426.93
6770.9 -5426.93
6770.9 -5426.69
6770.91 -5425.75
6770.91 -5425.51
6770.91 -5425.27
6770.92 -5424.79
6770.92 -5424.06
6770.93 -5423.57
6770.93 -5423.07
6770.94 -5422.57
6770.94 -5422.07
6770.95 -5421.57
6770.95 -5421.06
6770.95 -5420.56
6770.96 -5420.06
6770.96 -5419.81
6770.97 -5419.05
6770.97 -5419.05
6770.97 -5418.3
6770.98 -5417.79
6770.99 -5417.04
6771 -5416.03
6771 -5415.77
6771 -5415.77
6771.01 -5415.01
6771.02 -5414
6771.02 -5414
6771.02 -5413.49
6771.03 -5412.99
6771.04 -5412.48
6771.05 -5411.47
6771.05 -5411.47
6771.05 -5410.7
6771.06 -5410.45
6771.06 -5409.94
6771.07 -5409.44
6771.07 -5408.93
6771.07 -5408.42
6771.08 -5407.91
6771.08 -5407.4
6771.09 -5406.89
6771.1 -5406.12
6771.1 -5405.87
6771.1 -5405.36
6771.11 -5404.84
6771.11 -5404.34
6771.12 -5403.82
6771.13 -5403.32
6771.13 -5402.8
6771.14 -5402.29
6771.14 -5401.78
6771.15 -5401.26
6771.15 -5400.76
6771.16 -5400.24
6771.16 -5399.73
6771.17 -5399.48
6771.17 -5398.71
6771.18 -5398.2
6771.18 -5397.94
6771.19 -5397.18
6771.19 -5396.41
6771.19 -5396.16
6771.2 -5395.64
6771.2 -5395.39
6771.21 -5394.37
6771.21 -5394.12
6771.22 -5393.6
6771.22 -5393.09
6771.23 -5392.58
6771.23 -5392.07
6771.24 -5391.3
6771.24 -5391.05
6771.25 -5390.53
6771.25 -5390.28
6771.26 -5389.51
6771.26 -5389.26
6771.27 -5388.49
6771.27 -5387.73
6771.28 -5387.47
6771.28 -5387.22
6771.29 -5385.94
6771.29 -5385.94
6771.29 -5385.43
6771.29 -5385.43
6771.31 -5384.15
6771.31 -5383.9
6771.31 -5383.39
6771.32 -5382.88
6771.32 -5382.37
6771.33 -5381.61
6771.34 -5381.09
6771.34 -5381.09
6771.34 -5380.33
6771.35 -5379.82
6771.35 -5379.31
6771.36 -5378.79
6771.36 -5378.79
6771.37 -5377.77
6771.37 -5377.52
6771.38 -5376.75
6771.38 -5376.25
6771.39 -5375.73
6771.39 -5375.23
6771.4 -5374.71
6771.4 -5374.2
6771.41 -5373.18
6771.41 -5373.18
6771.41 -5372.67
6771.42 -5372.16
6771.42 -5371.65
6771.43 -5371.39
6771.43 -5370.63
6771.44 -5370.12
6771.44 -5369.35
6771.45 -5369.1
6771.45 -5368.33
6771.46 -5368.07
6771.46 -5367.57
6771.47 -5367.05
6771.47 -5366.8
6771.48 -5366.03
6771.48 -5365.53
6771.49 -5365.01
6771.49 -5364.51
6771.49 -5363.99
6771.5 -5363.48
6771.5 -5362.97
6771.51 -5362.46
6771.52 -5361.69
6771.52 -5361.44
6771.53 -5360.67
6771.53 -5360.67
6771.53 -5359.91
6771.54 -5359.4
6771.54 -5358.89
6771.55 -5358.37
6771.55 -5357.87
6771.56 -5357.35
6771.57 -5356.33
6771.57 -5356.33
6771.57 -5355.83
6771.57 -5355.57
6771.58 -5355.05
6771.59 -5354.03
6771.59 -5354.03
6771.59 -5353.53
6771.6 -5352.76
6771.6 -5352.25
6771.61 -5351.74
6771.61 -5351.23
6771.62 -5350.72
6771.63 -5349.69
6771.63 -5349.69
6771.63 -5349.44
6771.64 -5348.67
6771.64 -5348.17
6771.65 -5347.14
6771.65 -5347.14
6771.66 -5346.63
6771.66 -5346.38
6771.67 -5345.35
6771.67 -5345.35
6771.68 -5344.33
6771.68 -5344.33
6771.68 -5344.08
6771.69 -5343.06
6771.7 -5342.04
6771.7 -5342.04
6771.7 -5341.52
6771.71 -5340.5
6771.71 -5340.5
6771.72 -5339.99
6771.73 -5338.72
6771.73 -5338.72
6771.73 -5338.72
6771.74 -5337.95
6771.74 -5337.44
6771.75 -5336.16
6771.75 -5336.16
6771.76 -5335.91
6771.76 -5335.65
6771.77 -5334.63
6771.77 -5334.63
6771.77 -5334.12
6771.78 -5333.61
6771.78 -5332.84
6771.79 -5332.59
6771.8 -5331.31
6771.8 -5331.31
6771.8 -5331.06
6771.81 -5330.29
6771.81 -5329.78
6771.82 -5329.27
6771.83 -5328.25
6771.83 -5328.25
6771.83 -5327.74
6771.84 -5327.23
6771.84 -5326.72
6771.85 -5325.95
6771.85 -5325.95
6771.86 -5325.18
6771.86 -5324.68
6771.87 -5324.16
6771.87 -5323.4
6771.88 -5323.14
6771.88 -5322.88
6771.88 -5322.12
6771.89 -5321.35
6771.89 -5321.1
6771.9 -5320.59
6771.91 -5319.82
6771.91 -5319.57
6771.91 -5319.05
6771.92 -5318.54
6771.92 -5318.03
6771.93 -5317.52
6771.94 -5316.5
6771.94 -5316.5
6771.94 -5316.25
6771.95 -5315.48
6771.95 -5314.97
6771.96 -5314.46
6771.96 -5314.2
6771.97 -5313.44
6771.97 -5312.93
6771.97 -5312.41
6771.98 -5311.91
6771.98 -5311.39
6771.99 -5310.89
6771.99 -5310.37
6772 -5309.86
6772 -5309.35
6772.01 -5308.84
6772.02 -5307.82
6772.02 -5307.82
6772.03 -5306.55
6772.03 -5306.55
6772.03 -5306.29
6772.04 -5305.77
6772.04 -5305.27
6772.05 -5304.75
6772.05 -5304.25
6772.06 -5303.73
6772.06 -5303.48
6772.07 -5302.71
6772.07 -5302.71
6772.08 -5301.43
6772.08 -5301.18
6772.08 -5300.67
6772.09 -5300.41
6772.09 -5299.65
6772.1 -5298.89
6772.1 -5298.89
6772.11 -5298.12
6772.11 -5297.6
6772.12 -5297.09
6772.12 -5296.58
6772.12 -5296.33
6772.13 -5295.82
6772.14 -5295.05
6772.14 -5294.54
6772.14 -5294.54
6772.15 -5293.78
6772.15 -5293.26
6772.16 -5292.75
6772.17 -5291.99
6772.17 -5291.48
6772.17 -5290.96
6772.18 -5290.2
6772.18 -5289.94
6772.19 -5289.44
6772.19 -5288.92
6772.2 -5288.42
6772.2 -5287.9
6772.21 -5287.14
6772.22 -5286.12
6772.22 -5285.6
6772.22 -5285.6
6772.22 -5285.6
6772.23 -5284.84
6772.24 -5284.33
6772.24 -5283.82
6772.25 -5283.31
6772.25 -5283.05
6772.25 -5282.54
6772.26 -5282.03
6772.26 -5281.26
6772.27 -5280.5
6772.27 -5280.24
6772.28 -5279.74
6772.28 -5279.22
6772.29 -5278.71
6772.29 -5278.2
6772.3 -5277.69
6772.3 -5277.44
6772.31 -5276.42
6772.31 -5276.16
6772.32 -5275.65
6772.32 -5275.4
6772.33 -5273.86
6772.33 -5273.86
